0.998506102571	1671.2303
1.99703241316	1670.9638
2.99551831103	1670.6709
3.99406483297	1670.4105
4.99259114356	1670.1983
5.99109724613	1669.9969
6.98962355672	1669.757
7.98812965929	1669.4574
8.98682874825	1669.1463
9.98533485083	1668.855
10.9838611614	1668.5888
11.9823470593	1668.3418
12.9808935812	1668.114
13.9794198918	1667.8911
14.9779259944	1667.6825
15.976452305	1667.4787
16.9749584075	1667.2871
17.9734847181	1667.056
18.9719908207	1666.8532
19.9705171313	1666.6414
20.9690232339	1666.3928
21.9675495445	1666.124
22.9660354423	1665.8631
23.9645819643	1665.562
24.9630678621	1665.2643
25.9616143841	1665.0001
26.9601406947	1664.7545
27.9586467972	1664.526
28.9571731078	1664.3324
29.9556792104	1664.114
30.954205521	1663.8921
31.9526914188	1663.659
32.9512379408	1663.4534
33.9497238387	1663.265
34.9482703606	1663.0615
35.9467562585	1662.8541
36.9453027804	1662.6246
37.9437886783	1662.3974
38.9425655675	1662.1733
39.9410918781	1661.9607
40.939577776	1661.7495
41.9381242979	1661.5381
42.9366101958	1661.3365
43.9351567177	1661.1422
44.9336426156	1660.9565
45.9321891375	1660.7897
46.9306750354	1660.6203
47.9292215573	1660.4238
48.9277074552	1660.2015
49.9262539771	1659.9745
50.924739875	1659.7855
51.9232661856	1659.5821
52.9218127075	1659.3831
53.9202986054	1659.1738
54.9188451273	1658.9909
55.9173310252	1658.7851
56.9158775471	1658.5834
57.914363445	1658.3929
58.9129099669	1658.1933
59.9113958648	1657.9981
60.9100949538	1657.8199
61.9086010564	1657.6341
62.9071273669	1657.4498
63.9056132648	1657.2791
64.9041597867	1657.1148
65.9027063087	1656.9599
66.9011922065	1656.7908
67.8997387285	1656.6353
68.8982246264	1656.4829
69.8967711483	1656.259
70.8952570462	1656.1403
71.8937833567	1656.0154
72.8922894593	1655.8412
73.8908157699	1655.6419
74.8893016678	1655.4516
75.8878481897	1655.2627
76.8863745003	1655.0763
77.8848806029	1654.8928
78.8834271248	1654.7087
79.8819130227	1654.5292
80.8804393333	1654.381
81.8789454358	1654.242
82.8776445248	1654.0858
83.8761304227	1653.9073
84.8746769446	1653.7269
85.8732032552	1653.5579
86.8717093578	1653.4127
87.8702356684	1653.2177
88.8687417709	1653.0497
89.8672680815	1652.883
90.8657741841	1652.6997
91.8643004947	1652.5394
92.8628065973	1652.3937
93.8613329078	1652.2174
94.8598188057	1652.0347
95.8583653276	1651.8506
96.8568916382	1651.6823
97.8553977408	1651.517
98.8539240514	1651.3342
99.852430154	1651.1291
100.851014057	1650.9547
101.84952016	1650.7598
102.84804647	1650.5711
103.846532368	1650.4157
104.84507889	1650.2255
105.8436052	1650.0365
106.842111303	1649.8627
107.840637614	1649.6732
108.839143716	1649.4914
109.837670027	1649.3332
110.836176129	1649.1558
111.834875218	1648.9912
112.833381321	1648.8352
113.831907632	1648.68
114.830433942	1648.5212
115.828940045	1648.3747
116.827466355	1648.2237
117.825972458	1648.0836
118.824498768	1647.9134
119.823004871	1647.7546
120.821531182	1647.6089
121.820037284	1647.4647
122.818563595	1647.3155
123.817049493	1647.1859
124.815596015	1647.0913
125.814122325	1646.992
126.812628428	1646.8594
127.811154738	1646.7093
128.809660841	1646.5476
129.808187151	1646.3939
130.806693254	1646.2412
131.805219565	1646.1005
132.803705463	1645.9693
133.802251984	1645.8363
134.800951073	1645.7147
135.799457176	1645.5828
136.797983487	1645.4499
137.796489589	1645.3028
138.7950159	1645.1728
139.793522002	1645.0483
140.792048313	1644.9403
141.790554415	1644.8253
142.789080726	1644.7071
143.787566624	1644.5852
144.786113146	1644.4756
145.784639456	1644.3357
146.783145559	1644.211
147.78167187	1644.0701
148.780177972	1643.8963
149.778704283	1643.7628
150.777210385	1643.6189
151.775736696	1643.4594
152.774222594	1643.3319
153.772769116	1643.2228
154.771295426	1643.1111
155.769801529	1642.9751
156.768327839	1642.7976
157.766833942	1642.6608
158.765360253	1642.5308
159.763866355	1642.4146
160.762392666	1642.2838
161.760898768	1642.1422
162.759425079	1642.0237
163.758141358	1641.8946
164.75668788	1641.7336
165.755173778	1641.5639
166.7537203	1641.3947
167.75224661	1641.253
168.750752713	1641.1169
169.749279024	1640.9544
170.747785126	1640.7751
171.746311437	1640.5643
172.744797335	1640.3959
173.743343857	1640.1915
174.741829754	1640.0258
175.740376276	1639.8259
176.738862174	1639.6236
177.737408696	1639.4358
178.735894594	1639.2303
179.734441116	1639.0234
180.732967427	1638.817
181.731473529	1638.6232
182.72999984	1638.4303
183.728485738	1638.2384
184.72703226	1638.0568
185.725690943	1637.8278
186.724237465	1637.6174
187.722723363	1637.3964
188.721269885	1637.2063
189.719755782	1637.0104
190.718302304	1636.8041
191.716788202	1636.5869
192.715314513	1636.3757
193.713861035	1636.1986
194.712346933	1635.9994
195.710893455	1635.8061
196.709379352	1635.6263
197.707925874	1635.4345
198.706411772	1635.2147
199.704958294	1635.0076
200.703444192	1634.8049
201.701990714	1634.6262
202.700476612	1634.4768
203.699002922	1634.3188
204.697509025	1634.146
205.696035336	1633.9604
206.694581858	1633.7814
207.693240541	1633.609
208.691787063	1633.3853
209.690272961	1633.1064
210.688819482	1632.8526
211.68730538	1632.5928
212.685831691	1632.385
213.684337794	1632.1913
214.682864104	1631.9711
215.681350002	1631.77
216.679896524	1631.5824
217.678422835	1631.3612
218.676928937	1631.1013
219.675475459	1630.875
220.673961357	1630.651
221.672507879	1630.4381
222.670993777	1630.2274
223.669520087	1630.0057
224.668005985	1629.7973
225.666552507	1629.5756
226.665078818	1629.382
227.66358492	1629.1751
228.662168823	1628.9731
229.660674926	1628.7658
230.659201236	1628.5497
231.657707339	1628.3332
232.65623365	1628.1133
233.654739752	1627.9077
234.653266063	1627.7197
235.651751961	1627.5142
236.650298483	1627.2874
237.648997571	1627.0512
238.647503674	1626.8488
239.646029985	1626.6915
240.644536087	1626.4903
241.643062398	1626.2608
242.6415685	1626.0774
243.640094811	1625.9151
244.638580709	1625.7406
245.637127231	1625.543
246.635653541	1625.3921
247.634159644	1625.2221
248.632685955	1625.0376
249.631192057	1624.8247
250.629718368	1624.572
251.62822447	1624.3284
252.626750781	1624.1352
253.625256883	1623.9483
254.623783194	1623.7334
255.622269092	1623.4972
256.620815614	1623.2737
257.619341924	1623.0863
258.617848027	1622.8942
259.616547116	1622.6998
260.615053218	1622.5125
261.613579529	1622.356
262.612085632	1622.21
263.610611942	1622.0368
264.60909784	1621.8303
265.607644362	1621.6342
266.606170673	1621.4586
267.604676775	1621.2722
268.603203086	1621.0867
269.601709188	1620.8732
270.600235499	1620.6721
271.598741602	1620.4544
272.597267912	1620.2536
273.595774015	1620.0683
274.594300325	1619.8941
275.592786223	1619.7534
276.591332745	1619.5463
277.589859056	1619.337
278.588365158	1619.1554
279.586891469	1618.9998
280.585397571	1618.8464
281.583923882	1618.6858
282.582429985	1618.5271
283.580956295	1618.3359
284.579442193	1618.1361
285.577988715	1617.9308
286.576515026	1617.7421
287.575021128	1617.5702
288.573777811	1617.3551
289.572283913	1617.1032
290.570810224	1616.908
291.569316326	1616.7294
292.567842637	1616.5666
293.56634874	1616.3797
294.56487505	1616.1856
295.563360948	1616.0244
296.56190747	1615.8655
297.560433781	1615.7159
298.558939883	1615.5636
299.557466194	1615.4494
300.555972296	1615.351
301.554498607	1615.2438
302.553004709	1615.1026
303.55153102	1614.8889
304.550016918	1614.6804
305.54856344	1614.5276
306.547049338	1614.3597
307.54559586	1614.2047
308.54412217	1614.0401
309.542628273	1613.9145
310.541327362	1613.812
311.539833464	1613.6232
312.538359775	1613.4635
313.536865878	1613.3318
314.535392188	1613.1877
315.533878086	1613.0673
316.532424608	1612.9495
317.530910506	1612.8075
318.529457028	1612.6883
319.527942926	1612.58
320.526489448	1612.4944
321.525015758	1612.4427
322.523521861	1612.3972
323.522048171	1612.3092
324.520534069	1612.1316
325.519080591	1611.9055
326.517566489	1611.7491
327.516113011	1611.6274
328.514598909	1611.5621
329.513145431	1611.5106
330.511631329	1611.4294
331.510177851	1611.3433
332.508836534	1611.2906
333.507383056	1611.2399
334.505909366	1611.1897
335.504395264	1611.1802
336.502941786	1611.1571
337.501427684	1611.0921
338.499974206	1611.0424
339.498460104	1611.043
340.497006626	1611.0927
341.495492524	1611.152
342.494039045	1611.2235
343.492524943	1611.2499
344.491051254	1611.0671
345.489557357	1610.9974
346.488083667	1610.8708
347.486630189	1610.7235
348.485116087	1610.6766
349.483662609	1610.5232
350.482148507	1610.339
351.480695029	1610.1776
352.479180927	1610.0251
353.477707237	1609.8745
354.47621334	1609.7205
355.47473965	1609.5628
356.473283143	1609.3917
357.471829665	1609.2507
358.470355975	1609.1032
359.468862078	1608.9612
360.4674086	1608.8175
361.465894498	1608.6829
362.464613795	1608.5228
363.463099692	1608.3195
364.461626003	1608.0994
365.460132106	1607.9828
366.458658416	1607.8668
367.457144314	1607.7094
368.455690836	1607.5416
369.454217147	1607.389
370.452723249	1607.2304
371.45124956	1607.0733
372.449755662	1606.9213
373.448281973	1606.7601
374.446788075	1606.5962
375.445314386	1606.4335
376.443800284	1606.2786
377.442346806	1606.1328
378.440873116	1605.9572
379.439379219	1605.8299
380.43790553	1605.6466
381.436411632	1605.5005
382.434937943	1605.3362
383.433444045	1605.2301
384.432143134	1605.1236
385.430649237	1604.9443
386.429175547	1604.7596
387.427661445	1604.6087
388.426207967	1604.4958
389.424734278	1604.3838
390.42324038	1604.217
391.421766691	1604.0292
392.420272794	1603.8754
393.418799104	1603.7705
394.417305207	1603.6109
395.415831517	1603.4834
396.414317415	1603.3843
397.412863937	1603.2411
398.411390248	1603.0937
399.40989635	1602.9669
400.408422661	1602.8559
401.406928763	1602.7744
402.405455074	1602.6924
403.403961177	1602.589
404.402487487	1602.4563
405.40099359	1602.3081
406.3995199	1602.1411
407.398005798	1601.9888
408.39655232	1601.8605
409.395078631	1601.7587
410.393584733	1601.6305
411.392111044	1601.5232
412.390617147	1601.4418
413.389373829	1601.2707
414.387879932	1601.1069
415.386406242	1600.9984
416.38489214	1600.884
417.383438662	1600.7521
418.381964973	1600.6437
419.380471075	1600.5349
420.378997386	1600.4367
421.377503488	1600.3518
422.376029799	1600.2468
423.374535902	1600.1422
424.373062212	1600.0361
425.371568315	1599.9193
426.370094625	1599.8109
427.368620936	1599.7419
428.367127038	1599.6554
429.365653349	1599.5278
430.364159452	1599.4555
431.362685762	1599.3429
432.361191865	1599.2487
433.359718175	1599.1366
434.358224278	1599.0248
435.356923367	1598.8855
436.355409265	1598.778
437.353955787	1598.6947
438.352482097	1598.5875
439.3509882	1598.5022
440.34951451	1598.4055
441.348020613	1598.2815
442.346546924	1598.163
443.345053026	1598.079
444.343579337	1597.9825
445.342065235	1597.8894
446.340611757	1597.7897
447.339097654	1597.6802
448.337644176	1597.5421
449.336130074	1597.5015
450.334676596	1597.4499
451.333202907	1597.3718
452.331709009	1597.292
453.33023532	1597.1889
454.328741423	1597.091
455.327267733	1597.0154
456.325753631	1596.9243
457.324472928	1596.7984
458.322958826	1596.6667
459.321505348	1596.5501
460.319991245	1596.4565
461.318537767	1596.3488
462.317023665	1596.2809
463.315570187	1596.1814
464.314096498	1596.0929
465.312582396	1596.0309
466.311128918	1595.94
467.309614815	1595.8828
468.308161337	1595.8589
469.306647235	1595.765
470.306012082	1595.693
471.305204847	1595.5955
472.304611413	1595.5135
473.303746819	1595.4388
474.303111665	1595.3577
475.302283572	1595.2811
476.301648419	1595.2226
477.300955905	1595.1325
478.30014867	1595.0045
479.299513517	1594.867
480.298628063	1594.7265
481.298055493	1594.6354
482.29742034	1594.5718
483.296592247	1594.4728
484.295957094	1594.3728
485.295264579	1594.2766
486.294457344	1594.1833
487.293801337	1594.1076
488.292978471	1594.0293
489.292343318	1593.959
490.291708164	1593.8518
491.290900929	1593.7349
492.290265776	1593.6821
493.289401182	1593.6561
494.288766028	1593.6137
495.287979655	1593.5302
496.287287141	1593.3974
497.286651988	1593.2984
498.285844753	1593.2385
499.2852096	1593.1934
500.284345005	1593.1047
501.283709852	1593.0254
502.283053844	1593.018
503.282288335	1593.0179
504.281595821	1592.96
505.280960668	1592.8876
506.280153433	1592.8274
507.27951828	1592.7868
508.278653685	1592.7093
509.277997677	1592.6662
510.277232169	1592.615
511.276597016	1592.5943
512.275904501	1592.5869
513.275097267	1592.5602
514.274462113	1592.469
515.273597519	1592.4799
516.272962366	1592.4828
517.272306358	1592.5108
518.271499123	1592.4911
519.270905689	1592.4766
520.270213174	1592.4488
521.26940594	1592.4544
522.268770786	1592.4094
523.267906192	1592.358
524.267250184	1592.2766
525.266615031	1592.2393
526.265807796	1592.2115
527.265172643	1592.1853
528.264349777	1592.0737
529.263714624	1591.9467
530.262907389	1591.907
531.262194019	1591.8648
532.261558865	1591.8284
533.260751631	1591.7684
534.260116477	1591.7789
535.259251883	1591.6862
536.258595875	1591.6138
537.258002441	1591.5357
538.257216067	1591.4849
539.256502697	1591.4528
540.255867544	1591.4067
541.255060309	1591.3726
542.254425156	1591.3463
543.253560562	1591.2751
544.252946266	1591.2076
545.252139031	1591.1676
546.251503878	1591.1516
547.250811364	1591.075
548.250004129	1591.0424
549.249368976	1591.0529
550.248504381	1591.0243
551.247848373	1591.1367
552.247254939	1591.1148
553.246447704	1590.9152
554.245812551	1590.8321
555.245120037	1590.7941
556.244312802	1590.7643
557.243677649	1590.7902
558.242792195	1590.768
559.242198761	1590.6246
560.241391526	1590.5621
561.240756373	1590.5464
562.240063859	1590.531
563.239256624	1590.4983
564.23862147	1590.4641
565.237814236	1590.4452
566.23714258	1590.4338
567.236507427	1590.4477
568.235700192	1590.4131
569.235065039	1590.3967
570.234200445	1590.3964
571.233565291	1590.4196
572.232930138	1590.3935
573.232044684	1590.3744
574.231409531	1590.3451
575.230816097	1590.2539
576.230008862	1590.178
577.229373709	1590.1432
578.228509114	1590.1271
579.227873961	1590.1151
580.227045868	1590.0861
581.226353354	1590.0588
582.2257182	1590.0037
583.224910966	1590.0085
584.224275812	1590.0064
585.223452946	1589.9842
586.222817793	1589.9615
587.22218264	1589.9588
588.221354547	1589.9224
589.220662033	1589.8733
590.22002688	1589.8486
591.219219645	1589.828
592.218563637	1589.8129
593.217740771	1589.7777
594.217126476	1589.7503
595.216298383	1589.7415
596.215663229	1589.7564
597.214970715	1589.708
598.21416348	1589.6283
599.213528327	1589.6343
600.212684595	1589.574
601.212049442	1589.5217
602.211414289	1589.497
603.210607054	1589.4946
604.209971901	1589.4968
605.209107306	1589.5068
606.208472153	1589.5083
607.207816145	1589.5108
608.206993279	1589.5246
609.206358126	1589.4878
610.205722973	1589.4488
611.204915738	1589.4199
612.204280585	1589.3928
613.20341599	1589.396
614.202759982	1589.379
615.201994474	1589.3396
616.201301959	1589.2796
617.200666806	1589.2417
618.199859571	1589.2533
619.199224418	1589.2589
620.198359824	1589.2388
621.19772467	1589.2443
622.197110375	1589.1733
623.19630314	1589.1205
624.195610626	1589.0983
625.194975473	1589.0655
626.194168238	1589.0118
627.193533085	1588.9692
628.19266849	1588.9368
629.192012482	1588.8995
630.191205247	1588.9208
631.190570094	1588.8631
632.189919301	1588.8874
633.189112066	1588.8296
634.188476913	1588.85
635.187612319	1588.8782
636.186956311	1588.848
637.186321158	1588.7581
638.185513923	1588.7481
639.18487877	1588.7541
640.184186255	1588.7246
641.183420747	1588.6902
642.182785594	1588.6232
643.181920999	1588.5956
644.181264991	1588.5863
645.180629838	1588.6117
646.179822603	1588.4651
647.17918745	1588.4085
648.178301996	1588.4062
649.177708562	1588.4704
650.176901327	1588.4519
651.176208813	1588.4148
652.175573659	1588.3879
653.174766425	1588.3807
654.174131271	1588.2986
655.173266677	1588.2757
656.172610669	1588.2502
657.172017235	1588.2199
658.17121	1588.2274
659.170517486	1588.2773
660.169882333	1588.2257
661.169075098	1588.2828
662.168439944	1588.3426
663.16755449	1588.3798
664.166961056	1588.3332
665.166153821	1588.3867
666.165518668	1588.4666
667.164826154	1588.5293
668.164018919	1588.4937
669.163383766	1588.4907
670.162519171	1588.5432
671.161904876	1588.6089
672.161269723	1588.6897
673.160462488	1588.7701
674.159827335	1588.8854
675.159134821	1589.0306
676.158327586	1589.0541
677.157692432	1589.1054
678.156806978	1589.1968
679.156213544	1589.328
680.155406309	1589.2097
681.154771156	1589.2663
682.154136003	1589.3746
683.153271408	1589.3108
684.152636255	1589.311
685.151808162	1589.2952
686.151115648	1589.3481
687.150480495	1589.3831
688.149714986	1589.3775
689.149079833	1589.3995
690.148215238	1589.4134
691.147580085	1589.4836
692.146944932	1589.5341
693.146116839	1589.3917
694.145424325	1589.3587
695.144789171	1589.3415
696.143981937	1589.3316
697.143325929	1589.2585
698.142523932	1589.2043
699.141888779	1589.2093
700.141060686	1589.0841
701.140425533	1588.9914
702.139733018	1589.0554
703.138925784	1588.9691
704.13829063	1588.7987
705.137446898	1588.6759
706.136811745	1588.5962
707.136176592	1588.5333
708.135369357	1588.386
709.134734204	1588.3534
710.13404169	1588.3221
711.133234455	1588.2654
712.132578447	1588.0825
713.131755581	1587.9791
714.131120428	1587.8922
715.130313193	1587.8553
716.12967804	1587.8062
717.129042887	1587.7748
718.128178292	1587.6635
719.127522284	1587.5796
720.126756776	1587.5294
721.126064261	1587.493
722.125429108	1587.4405
723.124621873	1587.372
724.12398672	1587.3557
725.123122125	1587.3012
726.122486972	1587.2623
727.121872677	1587.1979
728.121065442	1587.2216
729.120372928	1587.2495
730.119737775	1587.2105
731.11893054	1587.2151
732.118295387	1587.232
733.117430792	1587.2431
734.116774784	1587.2321
735.115967549	1587.2772
736.115374115	1587.2381
737.114681601	1587.2025
738.113874366	1587.2852
739.113239213	1587.3148
740.112374618	1587.3349
741.11171861	1587.3766
742.111083457	1587.3705
743.110276222	1587.3403
744.109583708	1587.3218
745.108990274	1587.3349
746.108183039	1587.4335
747.107547886	1587.3771
748.106683291	1587.2535
749.106027284	1587.1718
750.105220049	1587.1155
751.104584895	1587.0675
752.103892381	1587.1002
753.103064288	1587.0722
754.102491718	1586.9804
755.101627124	1586.8543
756.100971116	1586.8321
757.100335963	1586.8577
758.099528728	1586.7924
759.098893575	1586.7226
760.09802898	1586.7455
761.097414685	1586.7523
762.096779532	1586.726
763.095914937	1586.9088
764.095279784	1586.8317
765.094644631	1586.7628
766.093837396	1586.7695
767.093202243	1586.7568
768.092316789	1586.6824
769.091723355	1586.6057
770.09091612	1586.572
771.090223605	1586.5431
772.089588452	1586.5228
773.088781217	1586.5339
774.088146064	1586.5205
775.08728147	1586.4476
776.086667174	1586.4313
777.086032021	1586.3772
778.085224786	1586.3041
779.084532272	1586.3009
780.083897119	1586.1953
781.083089884	1586.0853
782.082454731	1585.9754
783.081569277	1585.9387
784.080975843	1585.9038
785.080168608	1585.8106
786.079533454	1585.7075
787.07866886	1585.6292
788.078033707	1585.5369
789.077398553	1585.4588
790.076513099	1585.4139
791.075877946	1585.3317
792.075284512	1585.1786
793.074477277	1585.0576
794.073842124	1585.1045
795.07314961	1585.088
796.072342375	1584.9607
797.071707222	1584.8675
798.070821768	1584.6888
799.070186615	1584.5672
800.069551461	1584.5045
801.068785953	1584.4706
802.068150799	1584.3423
803.067286205	1584.2382
804.066651052	1584.2266
805.065822959	1584.22
806.065130444	1584.0895
807.064495291	1584.0413
808.063688056	1584.0469
809.063052903	1583.8925
810.062209171	1583.858
811.061594876	1583.9693
812.060938868	1583.7533
813.060131633	1583.7392
814.059439119	1583.8358
815.058803966	1583.779
816.057996731	1583.7245
817.057340723	1583.6906
818.056517857	1583.6384
819.055882704	1583.6452
820.055075469	1583.5778
821.054440316	1583.5152
822.053747802	1583.4757
823.052940567	1583.3906
824.052284559	1583.3699
825.051461693	1583.284
826.05082654	1583.1652
827.050191387	1583.2218
828.049384152	1583.0467
829.048748999	1582.9542
830.048056484	1582.9352
831.047249249	1582.8359
832.046634954	1582.7718
833.04577036	1582.7035
834.045135206	1582.5924
835.044327971	1582.5316
836.043692818	1582.449
837.043057665	1582.3633
838.04219307	1582.2863
839.041537063	1582.2135
840.040771554	1582.1343
841.04007904	1582.0201
842.039443887	1581.8953
843.038636652	1581.9174
844.038001499	1581.7089
845.037136904	1581.6521
846.036480896	1581.6208
847.035845743	1581.5415
848.035038508	1581.417
849.034387715	1581.3355
850.033752562	1581.23
851.032945327	1581.1579
852.032310174	1581.1064
853.031445579	1581.0485
854.030789572	1580.9362
855.029982337	1580.9002
856.029347184	1580.9158
857.028654669	1580.8384
858.027889161	1580.6937
859.027254007	1580.6211
860.026389413	1580.5607
861.025733405	1580.5524
862.025098252	1580.5352
863.024291017	1580.413
864.023655864	1580.3234
865.02296335	1580.3135
866.022176976	1580.2846
867.021562681	1580.2773
868.020677227	1580.2585
869.020042074	1580.2513
870.019234839	1580.26
871.018599686	1580.2659
872.017964532	1580.2709
873.017079078	1580.2647
874.016485644	1580.2535
875.015678409	1580.246
876.014985895	1580.2808
877.014350742	1580.2923
878.013543507	1580.2476
879.012908354	1580.2777
880.012043759	1580.2484
881.011429464	1580.2711
882.010794311	1580.2684
883.009987076	1580.2717
884.009294562	1580.2613
885.008659408	1580.2567
886.007852174	1580.2562
887.00721702	1580.285
888.006331566	1580.2664
889.005738132	1580.2263
890.004930897	1580.2327
891.004295744	1580.2748
892.00360323	1580.2816
893.002795995	1580.2901
894.002160842	1580.2187
895.001275388	1580.2235
896.000681954	1580.264
897.000046801	1580.2941
897.999239566	1580.2639
898.998604413	1580.255
899.997911898	1580.2652
900.997104663	1580.2773
901.99646951	1580.268
902.995584056	1580.266
903.994948903	1580.2543
904.994183394	1580.2458
905.993548241	1580.2285
906.992683647	1580.254
907.992048493	1580.2852
908.99141334	1580.2691
909.990585247	1580.259
910.989892733	1580.2092
911.98925758	1580.2652
912.988450345	1580.2798
913.987815192	1580.2729
914.986992326	1580.2543
915.986357173	1580.2414
916.985701165	1580.2306
917.98489393	1580.2108
918.984201416	1580.2593
919.983566262	1580.2601
920.982759028	1580.2823
921.98210302	1580.2619
922.981280154	1580.2122
923.980665858	1580.2221
924.979186131	1580.2705
925.977792743	1580.2748
926.976326411	1580.2221
927.974860079	1580.2396
928.973228508	1580.268
929.971821723	1580.2674
930.970355391	1580.2486
931.968875663	1580.1936
932.967436132	1580.2466
933.966015952	1580.2532
934.96454962	1580.2206
935.963096686	1580.2228
936.961451715	1580.2498
937.960044929	1580.2163
938.958591996	1580.2089
939.957125663	1580.2338
940.955645936	1580.2285
941.95423915	1580.2481
942.952799619	1580.2347
943.951319891	1580.2285
944.949913106	1580.2275
945.948460173	1580.2482
946.94699384	1580.238
947.945335471	1580.2172
948.943955485	1580.2354
949.942489153	1580.2217
950.941009425	1580.2062
951.939569894	1580.2411
952.938163109	1580.2344
953.936683381	1580.2504
954.935217049	1580.2417
955.933585478	1580.2616
956.932178693	1580.3145
957.930725759	1580.428
958.929259427	1580.6497
959.927852642	1580.7952
960.926399708	1580.9066
961.924933376	1580.9271
962.923467044	1581.0753
963.922046863	1581.2834
964.920567136	1581.4991
965.919127605	1581.731
966.917482633	1581.895
967.916089246	1581.9727
968.914622914	1581.984
969.913156581	1582.0871
970.911703648	1582.0612
971.910296862	1582.1522
972.908817135	1582.2527
973.907350802	1582.3442
974.905970817	1582.5463
975.904491089	1582.6882
976.903024756	1582.7786
977.901393186	1582.7934
978.899986401	1582.8437
979.898506673	1582.9767
980.897067142	1583.1037
981.89560081	1583.2299
982.89418063	1583.4229
983.892741099	1583.6721
984.891274766	1583.8405
985.889616397	1583.8621
986.888196217	1583.7753
987.886756686	1583.6453
988.885290354	1583.5611
989.88383742	1583.4979
990.882430635	1583.4416
991.880964302	1583.3477
992.879484575	1583.1306
993.878104589	1582.9891
994.876638257	1582.8276
995.875158529	1582.6956
996.873526959	1582.5318
997.872120173	1582.4284
998.870653841	1582.4108
999.869200908	1582.4374
1000.86773458	1582.3684
1001.86632779	1582.2435
1002.86487486	1582.1028
1003.86340852	1582.0867
1004.86198834	1581.9756
1005.86052201	1581.8537
1006.85890385	1581.709
1007.85742412	1581.6043
1008.85595779	1581.5681
1009.8545644	1581.4501
1010.85309807	1581.3725
1011.85161834	1581.2461
1012.85023835	1581.1516
1013.84877202	1581.0996
1014.84729229	1580.9937
1015.84564732	1580.8921
1016.84426734	1580.7484
1017.84278761	1580.6951
1018.84130788	1580.6426
1019.83986835	1580.5619
1020.83846156	1580.4099
1021.83700863	1580.2951
1022.8355423	1580.2168
1023.83413551	1580.1774
1024.83265578	1580.1013
1025.83121625	1580.0022
1026.82957128	1579.9067
1027.82809155	1579.8296
1028.82669817	1579.7548
1029.82523183	1579.6975
1030.8237655	1579.6568
1031.82237212	1579.6064
1032.82090578	1579.5398
1033.81943945	1579.4854
1034.81780788	1579.4456
1035.81640109	1579.387
1036.81492137	1579.3418
1037.81345503	1579.2967
1038.8120021	1579.2458
1039.81059532	1579.2018
1040.80912898	1579.1863
1041.80767605	1579.2138
1042.80626926	1579.2375
1043.80478954	1579.3818
1044.80335001	1579.3928
1045.80170503	1579.4076
1046.80022531	1579.456
1047.79881852	1579.4515
1048.79737899	1579.5141
1049.79589926	1579.5501
1050.79447908	1579.6254
1051.79303955	1579.66
1052.79157322	1579.7956
1053.79017983	1579.9944
1054.7887135	1580.1182
1055.78724717	1580.1888
1056.78576744	1580.2352
1057.78414927	1580.2312
1058.78272909	1580.2353
1059.78126276	1580.2733
1060.77980983	1580.2972
1061.77840304	1580.2738
1062.77693671	1580.1852
1063.77548378	1580.1239
1064.77383881	1580.1582
1065.77237247	1580.2234
1066.77095229	1580.2858
1067.76951276	1580.3714
1068.76803303	1580.3682
1069.76662625	1580.2935
1070.76517332	1580.1993
1071.76370698	1580.1267
1072.7623002	1580.019
1073.76084726	1579.907
1074.75938093	1579.8272
1075.7579012	1579.7649
1076.75628304	1579.6382
1077.75487625	1579.5237
1078.75339653	1579.4639
1079.75193019	1579.3326
1080.75055021	1579.2154
1081.74907048	1579.11
1082.74759075	1579.0492
1083.74597259	1578.8225
1084.7445658	1578.827
1085.74311287	1578.782
1086.74164654	1578.6454
1087.7401802	1578.5368
1088.73876002	1578.4486
1089.7372803	1578.3196
1090.73584076	1578.1788
1091.73443398	1578.1384
1092.73298105	1578.1042
1093.73151471	1578.0524
1094.73004838	1577.9556
1095.72841681	1577.843
1096.72701003	1577.7257
1097.72554369	1577.5863
1098.72406397	1577.5275
1099.72268398	1577.4602
1100.72120425	1577.3695
1101.71973792	1577.2881
1102.71834453	1577.1885
1103.7168782	1577.0435
1104.71541187	1576.9353
1105.71395893	1576.8888
1106.71231396	1576.8468
1107.71089378	1576.7881
1108.70945425	1576.7439
1109.70798792	1576.6651
1110.70656774	1576.551
1111.70510141	1576.4327
1112.70364847	1576.4505
1113.70218214	1576.4421
1114.70052377	1576.4326
1115.69914379	1576.3738
1116.69767745	1576.3273
1117.69622452	1576.187
1118.69481773	1576.1575
1119.6933514	1576.1272
1120.69187167	1576.095
1121.69045149	1576.0692
1122.68901196	1576.0555
1123.68754563	1576.0306
1124.6860927	1575.9844
1125.68444773	1575.9844
1126.68304094	1576.033
1127.68158801	1576.0531
1128.68012167	1576.0575
1129.67870149	1576.0099
1130.67723516	1576.0794
1131.67579563	1576.1375
1132.6743159	1576.1408
1133.67290912	1576.19
1134.67127755	1576.2144
1135.66981122	1576.1745
1136.66834488	1576.0331
1137.6669515	1575.8598
1138.66548516	1575.735
1139.66400544	1575.6224
1140.66259865	1575.4157
1141.66115912	1575.2283
1142.65967939	1575.1441
1143.65821306	1575.0621
1144.65658149	1574.9795
1145.6551747	1574.8407
1146.65369498	1574.7105
1147.65225545	1574.683
1148.65084866	1574.6202
1149.64936893	1574.5282
1150.6479294	1574.4438
1151.64646307	1574.3676
1152.64504289	1574.2495
1153.64356316	1574.169
1154.64212363	1574.1175
1155.64047866	1574.1206
1156.63908527	1574.1865
1157.63761894	1574.1692
1158.63615261	1574.0791
1159.63475922	1574.0226
1160.63329289	1573.902
1161.63181316	1573.8961
1162.63034683	1573.8956
1163.62871526	1573.8304
1164.62730847	1573.6265
1165.62584214	1573.4771
1166.6243892	1573.4215
1167.62298242	1573.3708
1168.62151609	1573.3201
1169.62006315	1573.2587
1170.61859682	1573.181
1171.61717664	1573.1564
1172.61571031	1573.1941
1173.61427078	1573.2593
1174.61261241	1573.2528
1175.61120562	1573.2072
1176.60975269	1573.1672
1177.60828636	1573.1192
1178.60686618	1573.0223
1179.60542665	1572.9951
1180.60396031	1572.9683
1181.60248059	1572.906
1182.6011006	1572.8132
1183.59963427	1572.6927
1184.59815454	1572.6151
1185.59649617	1572.6077
1186.59511619	1572.6442
1187.59364985	1572.6357
1188.59219692	1572.6119
1189.59073059	1572.5287
1190.5893238	1572.4434
1191.58787087	1572.2631
1192.58640454	1572.0934
1193.58474617	1571.9561
1194.58333938	1571.7617
1195.58188645	1571.6004
1196.58042012	1571.5055
1197.57901333	1571.3564
1198.5775604	1571.3474
1199.57609406	1571.2856
1200.57461434	1571.2254
1201.57323435	1571.1731
1202.57176802	1571.1295
1203.57028829	1571.0797
1204.56864332	1571.0185
1205.56726333	1570.9625
1206.56578361	1570.8689
1207.56431727	1570.7787
1208.56286434	1570.6707
1209.56145755	1570.6116
1210.56000462	1570.599
1211.55853829	1570.6171
1212.55689332	1570.53
1213.55547314	1570.3755
1214.5540068	1570.2719
1215.55256727	1570.2367
1216.55114709	1570.2532
1217.54966737	1570.2277
1218.54822784	1570.1683
1219.5467615	1570.082
1220.54536812	1570.0493
1221.54390178	1570.0254
1222.54243545	1569.9714
1223.54077708	1569.8436
1224.5393971	1569.6665
1225.53791737	1569.5255
1226.53645104	1569.4404
1227.53505765	1569.3232
1228.53359132	1569.2634
1229.53212498	1569.1312
1230.53067205	1569.0009
1231.52926526	1568.9118
1232.52778554	1568.8338
1233.52634601	1568.7844
1234.52470103	1568.7355
1235.52328085	1568.6572
1236.52181452	1568.5673
1237.52036159	1568.5132
1238.51889526	1568.5247
1239.51748847	1568.4872
1240.51603554	1568.4443
1241.51456921	1568.3958
1242.51293764	1568.3177
1243.51102325	1568.2256
1244.5090362	1568.2178
1245.50713485	1568.1715
1246.50496892	1568.0447
1247.50300795	1567.9545
1248.5010209	1567.8538
1249.4991326	1567.7531
1250.49696667	1567.6943
1251.4950057	1567.6746
1252.49310436	1567.6137
1253.49113034	1567.5196
1254.48895137	1567.4542
1255.48706308	1567.4056
1256.48507602	1567.3511
1257.48293618	1567.2906
1258.48103484	1567.2167
1259.47906082	1567.1251
1260.47706073	1567.0375
1261.47499356	1566.9775
1262.4730326	1566.8785
1263.47104554	1566.7838
1264.4689057	1566.6556
1265.46699131	1566.5331
1266.46500426	1566.44
1267.46286442	1566.3417
1268.46096307	1566.3524
1269.45897602	1566.4096
1270.45707468	1566.4277
1271.45492179	1566.4163
1272.45293474	1566.3859
1273.45103339	1566.3222
1274.44907242	1566.1495
1275.44690649	1565.8932
1276.44494552	1565.7355
1277.44303113	1565.6028
1278.44107017	1565.4493
1279.43890423	1565.3093
1280.43700289	1565.1494
1281.43501584	1564.9824
1282.432876	1564.8668
1283.43096161	1564.748
1284.42900064	1564.6088
1285.42683471	1564.4904
1286.42493336	1564.3399
1287.42294631	1564.2303
1288.42099839	1564.1294
1289.41889208	1564.009
1290.41693112	1563.9196
1291.41494406	1563.8375
1292.41280422	1563.7365
1293.41088983	1563.627
1294.40892886	1563.5444
1295.40700144	1563.4639
1296.40486159	1563.3818
1297.40287454	1563.2882
1298.40098624	1563.1912
1299.39899919	1563.1251
1300.39685935	1563.0621
1301.39493192	1563.0191
1302.39297095	1563.0346
1303.39100998	1563.0745
1304.3888571	1563.035
1305.38692967	1562.9366
1306.3849687	1562.9422
1307.38280277	1562.9601
1308.38090143	1562.9031
1309.37894046	1562.8052
1310.37678757	1562.6374
1311.37486014	1562.4754
1312.37289917	1562.4995
1313.37075933	1562.4547
1314.36884494	1562.439
1315.36684485	1562.4151
1316.36489693	1562.3442
1317.36279063	1562.3043
1318.36082966	1562.1575
1319.35886869	1562.0485
1320.3569543	1561.9319
1321.35477533	1561.8262
1322.35282741	1561.7948
1323.35092607	1561.7222
1324.34893901	1561.6999
1325.34679917	1561.7354
1326.34488478	1561.7756
1327.34289773	1561.7324
1328.34093676	1561.6443
1329.33879692	1561.5347
1330.33686949	1561.4138
1331.33490852	1561.2874
1332.33275563	1561.1874
1333.33085429	1561.1295
1334.32886724	1561.0657
1335.32672739	1561.0504
1336.32479997	1561.0738
1337.322839	1561.062
1338.32068611	1561.0121
1339.31878477	1560.8957
1340.31679771	1560.7582
1341.31483674	1560.7079
1342.31273044	1560.7429
1343.31078252	1560.7632
1344.30879546	1560.6827
1345.30689412	1560.5744
1346.30472819	1560.4649
1347.30276722	1560.3602
1348.30083979	1560.2573
1349.29889187	1560.1562
1350.29672594	1560.2509
1351.2948246	1560.1839
1352.29283754	1560.1137
1353.29088962	1560.0912
1354.28878332	1560.0551
1355.28682235	1559.9761
1356.2848353	1559.8786
1357.28269545	1559.8737
1358.28079411	1559.8451
1359.2788201	1559.7531
1360.27665417	1559.6352
1361.27475282	1559.5027
1362.27276577	1559.4115
1363.27062593	1559.4208
1364.26872458	1559.4967
1365.26675057	1559.4965
1366.26482314	1559.6646
1367.2626833	1559.7352
1368.26072233	1559.7201
1369.25873528	1559.6451
1370.25683393	1559.6065
1371.25468105	1559.6485
1372.25269399	1559.6773
1373.25079265	1559.6944
1374.24883168	1559.6612
1375.24667879	1559.5833
1376.24473833	1559.5356
1377.24279041	1559.4781
1378.24065056	1559.4003
1379.23872314	1559.3445
1380.23676217	1559.374
1381.23478816	1559.4443
1382.23266881	1559.4619
1383.23072089	1559.4631
1384.22875992	1559.5187
1385.22659399	1559.541
1386.22469265	1559.4803
1387.22271863	1559.3343
1388.22057879	1559.1769
1389.21865136	1559.0563
1390.2166904	1559.0487
1391.21476297	1559.1023
1392.21262313	1559.1097
1393.21064911	1559.0735
1394.20874777	1559.0596
1395.20676072	1559.0527
1396.20462087	1559.0787
1397.20263382	1559.0884
1398.20074552	1559.0394
1399.19875847	1559.0356
1400.19661863	1559.0399
1401.1946912	1559.0591
1402.19273023	1559.0788
1403.1905643	1559.0812
1404.188676	1559.0406
1405.18668895	1558.98
1406.18454911	1558.9646
1407.18262168	1559.2086
1408.18067376	1559.3404
1409.17867367	1559.3252
1410.1766065	1559.2546
1411.17461945	1559.158
1412.17265848	1559.1678
1413.17051864	1559.2207
1414.16860425	1559.1607
1415.1666172	1558.991
1416.16471585	1558.8017
1417.16254992	1558.6506
1418.16058895	1558.5079
1419.15868761	1558.4089
1420.1567136	1558.37
1421.15454767	1558.3185
1422.15264632	1558.2607
1423.15065927	1558.1646
1424.1486983	1558.059
1425.14655846	1557.9569
1426.14464407	1557.877
1427.14265702	1557.7078
1428.14051717	1557.559
1429.13861583	1557.5046
1430.13662878	1557.3442
1431.13448894	1557.1744
1432.13257455	1557.0178
1433.1305875	1556.9244
1434.12844765	1556.91
1435.12654631	1556.777
1436.12455926	1556.6442
1437.1225722	1556.5147
1438.12050503	1556.3489
1439.11854406	1556.3481
1440.11655701	1556.2118
1441.11465567	1556.0768
1442.11250278	1555.9575
1443.11050269	1555.9
1444.10861439	1555.8179
1445.10665342	1555.7295
1446.10448749	1555.5647
1447.10258615	1555.3888
1448.10061213	1555.2059
1449.09865117	1555.1338
1450.09648523	1555.047
1451.09458389	1555.0055
1452.09259684	1555.0031
1453.090457	1554.9487
1454.08854261	1554.9157
1455.08658164	1554.8584
1456.08441571	1554.7287
1457.08251436	1554.6053
1458.08052731	1554.5477
1459.07840052	1554.5558
1460.07647309	1554.5112
1461.07451212	1554.3218
1462.07252507	1554.0827
1463.07044485	1553.8468
1464.0684578	1553.6565
1465.06650988	1553.474
1466.06458245	1553.3124
1467.06244261	1553.1815
1468.06045556	1553.0397
1469.05856726	1552.8611
1470.05656717	1552.732
1471.05444038	1552.5882
1472.05251295	1552.4546
1473.05055198	1552.3801
1474.04859101	1552.3349
1475.04649775	1552.2695
1476.04451069	1552.1553
1477.04254973	1552.0854
1478.04038379	1552.0362
1479.03848245	1551.976
1480.03652148	1551.8619
1481.03436859	1551.8082
1482.03244117	1551.8322
1483.0304802	1551.8972
1484.02834035	1551.7479
1485.02641293	1551.7182
1486.02445196	1551.7595
1487.02253757	1551.8038
1488.02037164	1551.7677
1489.01841067	1551.6918
1490.0164497	1551.6609
1491.01452228	1551.6633
1492.01238243	1551.6621
1493.01040842	1551.6785
1494.00850708	1551.7156
1495.00652002	1551.7414
1496.00438018	1551.745
1497.00245276	1551.7303
1497.99901271	1551.7118
1498.99573194	1551.6596
1499.99227512	1551.5914
1500.98905305	1551.5438
1501.98577229	1551.5422
1502.98231547	1551.5375
1503.97891733	1551.4954
1504.97563657	1551.4624
1505.97235581	1551.472
1506.96895767	1551.3347
1507.96550085	1551.2112
1508.96222009	1551.0727
1509.95872974	1550.9724
1510.95550766	1550.7821
1511.9522269	1550.6546
1512.94877008	1550.5384
1513.94533003	1550.4112
1514.94210796	1550.28
1515.9388272	1550.2023
1516.93537038	1550.1272
1517.93197224	1549.9323
1518.92869148	1549.768
1519.92541072	1549.6747
1520.92201258	1549.5745
1521.91873182	1549.4325
1522.915275	1549.2682
1523.91181818	1549.1542
1524.90859611	1549.0617
1525.90531535	1549.0247
1526.90185852	1548.9961
1527.89836817	1548.9644
1528.8951461	1548.85
1529.89186534	1548.7169
1530.88842529	1548.6283
1531.88520321	1548.615
1532.88174639	1548.5151
1533.87846563	1548.436
1534.87506749	1548.4504
1535.87178673	1548.2732
1536.86832991	1548.1653
1537.86510784	1548.0827
1538.86165102	1548.0095
1539.85837026	1547.9657
1540.85491343	1547.9441
1541.85169136	1547.8919
1542.84823454	1547.7878
1543.84495378	1547.6904
1544.84149696	1547.5703
1545.83824136	1547.4764
1546.83480131	1547.3474
1547.83152055	1547.2324
1548.82812241	1547.145
1549.82484165	1547.0934
1550.82138483	1547.1035
1551.81816276	1547.0144
1552.81470594	1547.0184
1553.81142517	1547.0704
1554.80796835	1547.0832
1555.80474628	1547.0107
1556.80128946	1546.9889
1557.7980087	1546.9178
1558.79455188	1546.8208
1559.7913298	1546.6754
1560.78787298	1546.576
1561.78455869	1546.5253
1562.78116056	1546.4709
1563.77789657	1546.4437
1564.77443974	1546.3904
1565.77121767	1546.21
1566.76776085	1546.041
1567.76448009	1545.9733
1568.76102327	1545.9367
1569.75780119	1545.8659
1570.75434437	1545.8037
1571.75106361	1545.7065
1572.74766548	1545.5837
1573.74438471	1545.4639
1574.74092789	1545.237
1575.73770582	1545.0592
1576.734249	1544.964
1577.73096824	1544.8807
1578.72747788	1544.7336
1579.72427258	1544.5046
1580.72081576	1544.3147
1581.71753499	1544.1334
1582.71407817	1543.9498
1583.7108561	1543.7527
1584.70739928	1543.5752
1585.70411852	1543.4244
1586.70072038	1543.2923
1587.69743962	1543.1592
1588.69415886	1543.1081
1589.69076073	1543.1004
1590.6873039	1543.0135
1591.68402314	1542.8572
1592.68056632	1542.7536
1593.67734425	1542.708
1594.67385389	1542.579
1595.6705899	1542.4035
1596.66713308	1542.2578
1597.66391101	1542.1373
1598.66063024	1542.0408
1599.65717342	1542.0057
1600.65377529	1541.9188
1601.65049453	1541.8142
1602.64721377	1541.7444
1603.64381563	1541.6863
1604.64035881	1541.6228
1605.63707805	1541.5601
1606.63362123	1541.4878
1607.63039915	1541.3549
1608.62711839	1541.2589
1609.62366157	1541.2508
1610.62017122	1541.2794
1611.61694914	1541.257
1612.61368515	1541.2669
1613.61022833	1541.3128
1614.6068302	1541.3243
1615.60354943	1541.2419
1616.60026867	1541.098
1617.59687054	1540.9907
1618.59358978	1540.887
1619.59013296	1540.7868
1620.58667614	1540.7628
1621.58345406	1540.7407
1622.5801733	1540.7199
1623.57671648	1540.722
1624.5734944	1540.7152
1625.57003758	1540.6817
1626.56675682	1540.6772
1627.56326647	1540.6079
1628.56006116	1540.5271
1629.55660434	1540.4514
1630.55332358	1540.347
1631.54992545	1540.2503
1632.54664468	1540.1795
1633.54318786	1540.0828
1634.53996579	1540.0516
1635.53650897	1540.1324
1636.53322821	1540.2973
1637.52977139	1540.3796
1638.52654931	1540.3377
1639.52309249	1540.2006
1640.51981173	1540.1071
1641.51635491	1540.1556
1642.51313283	1540.2165
1643.50964248	1540.234
1644.50636172	1540.213
1645.50298035	1540.2113
1646.49969959	1540.1008
1647.49624277	1539.9697
1648.4930207	1539.8843
1649.48956388	1539.8994
1650.48628312	1539.9866
1651.48282629	1540.0629
1652.47960422	1539.9556
1653.4761474	1539.8533
1654.47286664	1539.8117
1655.46940982	1539.7776
1656.46618774	1539.7848
1657.46273092	1539.8558
1658.45945016	1539.8375
1659.45605203	1539.7816
1660.45273774	1539.7365
1661.44929769	1539.6446
1662.44607561	1539.6231
1663.44261879	1539.6679
1664.43933803	1539.6052
1665.43588121	1539.5161
1666.43265914	1539.4018
1667.42920232	1539.3155
1668.42592155	1539.2806
1669.42252342	1539.2973
1670.41924266	1539.3914
1671.41578584	1539.443
1672.41256376	1539.4653
1673.40910694	1539.5026
1674.40582618	1539.6008
1675.40236936	1539.5957
1676.39911376	1539.5893
1677.39565694	1539.6271
1678.39239295	1539.6454
1679.38893613	1539.6538
1680.38571405	1539.7046
1681.38225723	1539.6422
1682.37897647	1539.2686
1683.37557834	1539.006
1684.37229757	1538.7847
1685.36901681	1538.6154
1686.36561868	1538.4801
1687.36216186	1538.4129
1688.3588811	1538.346
1689.35542427	1538.1876
1690.3522022	1538.0029
1691.34874538	1537.8666
1692.34546462	1537.771
1693.34197427	1537.6311
1694.33876896	1537.4417
1695.3354882	1537.2345
1696.33203138	1537.0258
1697.32863324	1536.8322
1698.32535248	1536.6713
1699.32207172	1536.5216
1700.31867358	1536.3707
1701.31521676	1536.1682
1702.311936	1536.0027
1703.30847918	1535.7876
1704.30525711	1535.6318
1705.30199311	1535.4916
1706.29851952	1535.3418
1707.2950627	1535.1929
1708.29184063	1535.0597
1709.28852634	1534.9135
1710.28506952	1534.7679
1711.28168816	1534.6348
1712.2784074	1534.5163
1713.27512663	1534.4393
1714.2717285	1534.3165
1715.26844774	1534.1655
1716.26499092	1534.1196
1717.2615341	1534.0421
1718.25831202	1534.0146
1719.25503126	1534.0257
1720.25157444	1533.9975
1721.24836913	1533.9052
1722.24491231	1533.7474
1723.24163155	1533.6313
1724.24059026	1533.644
1725.23972791	1533.6617
1726.23868662	1533.5594
1727.23782427	1533.4129
1728.23677917	1533.2971
1729.23591302	1533.2177
1730.23486792	1533.1796
1731.23400557	1533.0313
1732.23296428	1532.8333
1733.23210193	1532.7247
1734.23105683	1532.6809
1735.23019068	1532.571
1736.22914558	1532.5626
1737.22828323	1532.4447
1738.22724194	1532.4074
1739.22637959	1532.2306
1740.2253383	1532.2247
1741.22446834	1532.1298
1742.22342324	1532.0062
1743.22256089	1531.9162
1744.2215196	1531.8797
1745.22065725	1531.7393
1746.21961596	1531.6787
1747.21874601	1531.5236
1748.21770091	1531.4706
1749.21683856	1531.4445
1750.21579727	1531.3357
1751.21493492	1531.2882
1752.21389363	1531.253
1753.21302367	1531.2195
1754.21197857	1531.0857
1755.21112003	1530.9971
1756.21007493	1530.9332
1757.20921258	1530.8103
1758.20817129	1530.8859
1759.20730894	1530.8738
1760.20626385	1530.7971
1761.20539769	1530.5699
1762.20435259	1530.4393
1763.20349024	1530.3471
1764.20244895	1530.2918
1765.2015866	1530.2751
1766.20054531	1530.2333
1767.19967536	1530.136
1768.19863026	1530.0089
1769.19776791	1529.9998
1770.19672662	1530.0029
1771.19586427	1529.8909
1772.19476206	1529.8296
1773.19395302	1529.7277
1774.19284701	1529.5567
1775.19204557	1529.4085
1776.19094337	1529.3685
1777.19014194	1529.3464
1778.18903973	1529.2309
1779.18823069	1529.1893
1780.18712468	1529.1188
1781.18632324	1528.9954
1782.18522104	1528.8814
1783.18435869	1528.8595
1784.1833174	1528.8109
1785.18244744	1528.706
1786.18140996	1528.5628
1787.18054381	1528.4658
1788.17974238	1528.3682
1789.17863636	1528.3198
1790.17783873	1528.1959
1791.17673272	1528.0531
1792.17587418	1527.9434
1793.17482147	1527.8481
1794.17395912	1527.8079
1795.17291402	1527.7443
1796.17205548	1527.6626
1797.17101038	1527.6101
1798.17015184	1527.4792
1799.16909914	1527.3828
1800.16823679	1527.3589
1801.16719169	1527.2458
1802.16633314	1527.0915
1803.16528805	1526.9841
1804.1644295	1526.9686
1805.1633768	1526.8975
1806.16251445	1526.8043
1807.16146935	1526.7381
1808.16061081	1526.7038
1809.15956571	1526.6646
1810.15870717	1526.5959
1811.15765446	1526.6031
1812.15679211	1526.5954
1813.15574701	1526.4603
1814.15488847	1526.3761
1815.15384337	1526.3175
1816.15297722	1526.2897
1817.15193974	1526.1613
1818.1510812	1525.9781
1819.15002849	1525.8856
1820.14916614	1525.7899
1821.14812104	1525.6864
1822.1472625	1525.579
1823.1462174	1525.4789
1824.14535886	1525.3739
1825.14430616	1525.2247
1826.14344381	1525.0763
1827.14258146	1524.9048
1828.14154017	1524.782
1829.14067782	1524.7154
1830.13963653	1524.6181
1831.13876657	1524.5555
1832.13772147	1524.5465
1833.13685912	1524.5347
1834.13581783	1524.5281
1835.13495548	1524.4816
1836.13391419	1524.4071
1837.13304424	1524.318
1838.13199914	1524.2591
1839.13113679	1524.1488
1840.1300955	1524.0166
1841.12923315	1523.9449
1842.12818424	1523.9346
1843.12732189	1523.8651
1844.1262768	1523.7884
1845.12541445	1523.7377
1846.12437316	1523.6615
1847.12351081	1523.671
1848.12246952	1523.6096
1849.12160717	1523.491
1850.12056588	1523.4219
1851.11969592	1523.3688
1852.11865082	1523.3176
1853.11778847	1523.2678
1854.11674718	1523.2121
1855.11588483	1523.1513
1856.11484354	1523.1216
1857.11397359	1523.0897
1858.11292849	1523.0221
1859.11206614	1522.8819
1860.11102485	1522.7437
1861.1101625	1522.6884
1862.10911359	1522.6511
1863.10825124	1522.5575
1864.10720614	1522.4466
1865.10634379	1522.3418
1866.10524159	1522.261
1867.10444016	1522.2055
1868.10333033	1522.1998
1869.1025289	1522.151
1870.10142289	1522.148
1871.10062145	1522.1505
1872.09951925	1522.0859
1873.09871781	1521.9884
1874.09760799	1521.8392
1875.09680656	1521.7406
1876.09570054	1521.6625
1877.09483819	1521.543
1878.0937969	1521.4268
1879.09293455	1521.3735
1880.09189326	1521.3707
1881.09103091	1521.3087
1882.08998962	1521.2345
1883.08911967	1521.2309
1884.08807457	1521.1962
1885.08721222	1521.1373
1886.08617093	1521.1353
1887.08530858	1521.1039
1888.08425968	1520.99
1889.08339733	1520.9199
1890.08253498	1520.8788
1891.08148988	1520.7787
1892.08063133	1520.6546
1893.07958624	1520.5306
1894.07872008	1520.4145
1895.07767498	1520.2932
1896.07681263	1520.1754
1897.07576753	1520.1145
1898.07490899	1520.0288
1899.07386389	1519.8907
1900.07299774	1519.7892
1901.07195264	1519.7361
1902.07109029	1519.7139
1903.07004519	1519.6985
1904.06918665	1519.663
1905.06814155	1519.6325
1906.0672754	1519.6329
1907.0662303	1519.6439
1908.06536795	1519.6117
1909.06432285	1519.5732
1910.06346431	1519.5611
1911.06241921	1519.5126
1912.06156067	1519.4645
1913.06051557	1519.367
1914.05964941	1519.2347
1915.05860431	1519.1639
1916.05774196	1519.1759
1917.05669686	1519.1773
1918.05583832	1519.1191
1919.05479322	1519.0429
1920.05392707	1518.8906
1921.05288197	1518.7137
1922.05201962	1518.6225
1923.05097452	1518.582
1924.05011598	1518.5246
1925.04907088	1518.4527
1926.04820473	1518.3654
1927.04715963	1518.2572
1928.04629728	1518.0915
1929.04525218	1517.9
1930.04439364	1517.7456
1931.04334854	1517.6174
1932.04248238	1517.5086
1933.04143728	1517.3994
1934.04057493	1517.3197
1935.03953365	1517.2626
1936.0386713	1517.2014
1937.0376262	1517.1484
1938.03676004	1516.9854
1939.03571494	1516.7766
1940.03485259	1516.654
1941.0338113	1516.5344
1942.03294895	1516.4481
1943.03190385	1516.393
1944.03104531	1516.3338
1945.03000021	1516.2466
1946.02913406	1516.1606
1947.02808896	1516.0634
1948.02722661	1515.9559
1949.02618151	1515.8389
1950.02532297	1515.7253
1951.02421695	1515.6033
1952.02341172	1515.4955
1953.0223057	1515.4338
1954.02150427	1515.3649
1955.02039825	1515.2673
1956.01960063	1515.1487
1957.01849461	1515.0649
1958.01768937	1515.0468
1959.01658336	1515
1960.01572101	1514.8
1961.01467972	1514.6078
1962.01381737	1514.5731
1963.01277227	1514.5616
1964.01190612	1514.4881
1965.01086102	1514.3803
1966.00999867	1514.2768
1967.00895738	1514.2179
1968.00809503	1514.162
1969.00704993	1513.9715
1970.00618377	1513.807
1971.00513867	1513.7018
1972.00427632	1513.7172
1973.00341778	1513.6748
1974.00237268	1513.6234
1975.00151033	1513.5089
1976.00046904	1513.5203
1976.99960669	1513.6216
1977.99855779	1513.6393
1978.99769544	1513.5744
1979.99665034	1513.4482
1980.99578799	1513.2871
1981.9947467	1513.1677
1982.99388435	1513.0648
1983.99283545	1512.9163
1984.9919731	1512.851
1985.990928	1512.8088
1986.99006946	1512.7075
1987.98902436	1512.6073
1988.98816201	1512.5025
1989.9871131	1512.4763
1990.98625075	1512.3946
1991.98520565	1512.1789
1992.98434711	1512.0379
1993.98330201	1512.0126
1994.98243966	1512.0324
1995.98139076	1511.9499
1996.98052841	1511.9024
1997.97948331	1511.8028
1998.97862477	1511.8043
1999.97757967	1511.8162
2000.97671732	1511.7579
2001.97566842	1511.7784
2002.97480607	1511.7951
2003.97376478	1511.8929
2004.97290243	1511.8545
2005.97185733	1511.7345
2006.97099498	1511.5975
2007.96995369	1511.3984
2008.96909134	1511.2554
2009.96804243	1511.1402
2010.96718008	1511.0502
2011.96613498	1511.0263
2012.96527644	1510.9536
2013.96423134	1510.824
2014.96336899	1510.6113
2015.96232009	1510.3873
2016.96145774	1510.2424
2017.96059539	1510.1599
2018.9595541	1510.0495
2019.95869175	1510.0013
2020.95764665	1509.9654
2021.9567805	1510.0683
2022.9557354	1510.2167
2023.95487305	1510.1041
2024.95383176	1509.9021
2025.95296941	1509.7177
2026.95192431	1509.5918
2027.95105815	1509.512
2028.95001306	1509.451
2029.94915071	1509.5513
2030.94810942	1509.4384
2031.94724707	1509.4107
2032.94620197	1509.4826
2033.94533581	1509.529
2034.94429834	1509.4549
2035.94343218	1509.3829
2036.94238708	1509.3124
2037.94152473	1509.2854
2038.94048344	1509.4041
2039.93962109	1509.5466
2040.93857599	1509.491
2041.93770984	1509.4405
2042.93666474	1509.2805
2043.93580239	1509.191
2044.93470018	1509.1362
2045.93389875	1509.1271
2046.93279274	1509.1226
2047.9319875	1509.2621
2048.93088148	1509.4454
2049.93008005	1509.407
2050.92897784	1509.4691
2051.92817641	1509.4068
2052.92707039	1509.2789
2053.92620424	1509.1925
2054.92515914	1509.2828
2055.92429679	1509.3503
2056.9232555	1509.3352
2057.92239315	1509.3801
2058.92135186	1509.4125
2059.92048191	1509.3255
2060.91943681	1509.4037
2061.91857446	1509.6237
2062.91753317	1509.6338
2063.91667082	1509.5009
2064.91562953	1509.4297
2065.91475957	1509.3695
2066.91390484	1509.2446
2067.91285594	1509.0962
2068.91199359	1508.9259
2069.91094849	1508.8263
2070.91008995	1508.6377
2071.90904485	1508.4321
2072.9081825	1508.1395
2073.90713359	1507.8838
2074.90627124	1507.6561
2075.90522614	1507.4612
2076.9043676	1507.2613
2077.9033225	1507.0782
2078.90246015	1506.9055
2079.90141125	1506.7473
2080.9005489	1506.6555
2081.8995038	1506.5645
2082.89864526	1506.4211
2083.89760016	1506.2869
2084.89674162	1506.1845
2085.89568891	1506.0085
2086.89482656	1505.838
2087.89378146	1505.6941
2088.89292292	1505.5609
2089.89187782	1505.4148
2090.89101928	1505.2396
2091.88996658	1505.1359
2092.88910423	1505.0637
2093.88805913	1505.009
2094.88720059	1504.9312
2095.88615549	1504.8941
2096.88529695	1504.8082
2097.88240485	1504.6575
2098.87945672	1504.5346
2099.87656943	1504.408
2100.87367254	1504.2694
2101.87079005	1504.146
2102.86784192	1504.0465
2103.86513717	1504.0005
2104.86224028	1503.9163
2105.8593626	1503.8258
2106.85640966	1503.7858
2107.85352237	1503.7698
2108.85062548	1503.6872
2109.84767735	1503.5399
2110.84479486	1503.3751
2111.84190758	1503.2194
2112.83919322	1503.103
2113.83624509	1503.0063
2114.83336741	1502.9188
2115.83047532	1502.837
2116.82757843	1502.7317
2117.8246303	1502.6549
2118.82175262	1502.5998
2119.81886053	1502.5486
2120.81590279	1502.483
2121.81319804	1502.419
2122.81031075	1502.3851
2123.80742827	1502.3389
2124.80447053	1502.2985
2125.80158324	1502.2358
2126.79869595	1502.2184
2127.79575743	1502.2262
2128.79303829	1502.1181
2129.790151	1502.0054
2130.78726371	1501.9701
2131.78437642	1501.895
2132.78142348	1501.7702
2133.77853619	1501.7239
2134.7756489	1501.7475
2135.77270076	1501.8368
2136.76999121	1501.8608
2137.76710392	1501.7392
2138.76421663	1501.7227
2139.76126369	1501.7661
2140.7583764	1501.6976
2141.75548911	1501.6189
2142.75254098	1501.6077
2143.74964889	1501.6001
2144.7467616	1501.4986
2145.74405684	1501.3748
2146.74116955	1501.3481
2147.73822142	1501.3326
2148.73532933	1501.2345
2149.73244204	1501.1461
2150.7294939	1501.0998
2151.72660661	1500.9956
2152.72371452	1500.8629
2153.72076638	1500.7734
2154.71806163	1500.7794
2155.71517434	1500.7609
2156.71228225	1500.6799
2157.70933412	1500.5957
2158.70644683	1500.5155
2159.70355954	1500.3831
2160.70067225	1500.2316
2161.69771931	1500.1338
2162.69501456	1500.0922
2163.69212727	1500.0406
2164.68923998	1499.9664
2165.68628704	1499.9274
2166.68339975	1499.9032
2167.68051246	1499.8224
2168.67756432	1499.7312
2169.67485957	1499.6807
2170.67196748	1499.6116
2171.66908019	1499.505
2172.66613205	1499.3833
2173.66324476	1499.2636
2174.66035267	1499.1291
2175.65746538	1498.9727
2176.65451725	1498.858
2177.65162996	1498.8009
2178.64892521	1498.7131
2179.64603311	1498.5956
2180.64308498	1498.5058
2181.64019769	1498.4069
2182.6373104	1498.3131
2183.63435746	1498.2626
2184.63147017	1498.1839
2185.62858288	1498.1125
2186.62562514	1498.027
2187.6229252	1497.9561
2188.62003791	1497.9243
2189.61715062	1497.8777
2190.61425373	1497.7945
2191.61131521	1497.7835
2192.60842312	1497.7727
2193.60553583	1497.7611
2194.60257809	1497.77
2195.59987334	1497.7753
2196.59699085	1497.8169
2197.59410356	1497.7469
2198.59114583	1497.6427
2199.58825854	1497.5461
2200.58538086	1497.5474
2201.58242792	1497.6417
2202.57971357	1497.5801
2203.57682628	1497.5123
2204.57393899	1497.4966
2205.57105651	1497.5348
2206.56809877	1497.4954
2207.56521148	1497.4245
2208.56232419	1497.3976
2209.55938568	1497.423
2210.55666653	1497.4521
2211.55377924	1497.4214
2212.55089195	1497.5027
2213.54795343	1497.5724
2214.54505174	1497.6244
2215.54216446	1497.6331
2216.53921632	1497.6834
2217.53632903	1497.722
2218.53343694	1497.7436
2219.53054965	1497.5237
2220.52760151	1497.5802
2221.52489196	1497.6309
2222.52200467	1497.3772
2223.51911738	1497.2573
2224.51616924	1497.1927
2225.51327715	1497.0693
2226.51038986	1497.0151
2227.50744173	1496.9566
2228.50473697	1496.9692
2229.50184488	1496.8606
2230.49895759	1496.7292
2231.49600946	1496.6748
2232.49312217	1496.6697
2233.49023488	1496.6047
2234.48734279	1496.5363
2235.48439465	1496.5012
2236.4816899	1496.5111
2237.47880261	1496.4693
2238.47591052	1496.4613
2239.47296238	1496.5752
2240.47007509	1496.5343
2241.4671878	1496.4503
2242.46423967	1496.3147
2243.46153011	1496.24
2244.45864282	1496.2106
2245.45575553	1496.2081
2246.4528074	1496.1549
2247.44991531	1496.2514
2248.44702802	1496.3695
2249.44414073	1496.2665
2250.44119259	1496.1921
2251.4383005	1496.0518
2252.43541321	1496.0482
2253.43246507	1496.1217
2254.42976032	1496.0978
2255.42687303	1495.9721
2256.42398094	1495.7911
2257.4210328	1495.6011
2258.41814551	1495.4389
2259.41525823	1495.2438
2260.41230529	1495.2251
2261.40960053	1495.15
2262.40671325	1495.0548
2263.40382596	1495.0176
2264.40093867	1494.9451
2265.39798573	1494.8931
2266.39509844	1494.8028
2267.39221115	1494.6917
2268.38925341	1494.6319
2269.38655346	1494.6688
2270.38366617	1494.6572
2271.38077888	1494.5462
2272.37782115	1494.4563
2273.37494347	1494.355
2274.37205138	1494.3016
2275.36910325	1494.2078
2276.36638889	1494.0421
2277.36351122	1493.9159
2278.36061913	1493.8468
2279.35773184	1493.7792
2280.3547741	1493.6796
2281.35188681	1493.5896
2282.34900433	1493.5125
2283.34605619	1493.4835
2284.3431593	1493.4257
2285.34027201	1493.336
2286.33733349	1493.1861
2287.33462394	1493.0723
2288.33172705	1493.1263
2289.32883976	1493.0583
2290.32589162	1492.8913
2291.32300914	1492.7201
2292.32011225	1492.5803
2293.31722496	1492.5429
2294.31427682	1492.4829
2295.31158169	1492.3967
2296.30868	1492.3161
2297.30579271	1492.2259
2298.30284458	1492.1378
2299.29995729	1492.0526
2300.29706519	1491.9942
2301.29411706	1491.9061
2302.29141231	1491.793
2303.28852502	1491.6925
2304.28563292	1491.6547
2305.28268479	1491.6203
2306.2797975	1491.5506
2307.27690541	1491.4561
2308.27401812	1491.3836
2309.27106998	1491.424
2310.26836523	1491.456
2311.26547314	1491.4038
2312.26258585	1491.3293
2313.25963771	1491.2894
2314.25675042	1491.2874
2315.25385833	1491.2487
2316.2509102	1491.1369
2317.24802291	1491.1309
2318.24513562	1491.0906
2319.24243086	1491.0132
2320.23947793	1491.0149
2321.23659064	1490.9362
2322.23370335	1490.8206
2323.23081606	1490.7454
2324.22786312	1490.7387
2325.22497583	1490.7883
2326.22208854	1490.8228
2327.2191404	1490.7837
2328.21643565	1490.615
2329.21354356	1490.3939
2330.21065627	1490.3196
2331.20770813	1490.3377
2332.20482085	1490.3688
2333.20192875	1490.4412
2334.19898062	1490.4157
2335.19627587	1490.2602
2336.19338858	1490.0382
2337.19050129	1489.8102
2338.18760919	1489.6504
2339.18466106	1489.5471
2340.18177377	1489.5439
2341.17888648	1489.5329
2342.17593354	1489.4414
2343.17322879	1489.3328
2344.1703415	1489.2061
2345.16745421	1489.1109
2346.16450127	1489.081
2347.16161398	1489.036
2348.15872669	1488.9878
2349.15577856	1488.9443
2350.15289127	1488.8788
2351.14999917	1488.8145
2352.14729442	1488.6873
2353.14434629	1488.5946
2354.1414494	1488.6279
2355.13856691	1488.6443
2356.13567962	1488.5763
2357.13273149	1488.4493
2358.1298346	1488.3053
2359.12695692	1488.2002
2360.12400398	1488.147
2361.12129923	1488.1249
2362.11840234	1488.0615
2363.11551505	1487.9895
2364.11257172	1487.9665
2365.10968443	1487.9475
2366.10678754	1487.9949
2367.10390025	1487.9948
2368.10096173	1487.7722
2369.09825218	1487.7233
2370.09535529	1487.7104
2371.092468	1487.6902
2372.08952948	1487.5845
2373.08663739	1487.508
2374.0837405	1487.4053
2375.08079236	1487.2558
2376.07808761	1487.1791
2377.07520513	1487.234
2378.07230824	1487.2375
2379.0693601	1487.1913
2380.06647281	1487.2518
2381.06359514	1487.2369
2382.06069345	1486.9791
2383.05774532	1486.7694
2384.05485803	1486.7623
2385.05215327	1486.7355
2386.04926118	1486.5821
2387.04631305	1486.4644
2388.04342576	1486.3591
2389.04053847	1486.3082
2390.03758553	1486.2729
2391.03469824	1486.2069
2392.03181095	1486.1215
2393.02885801	1485.7882
2394.02685286	1485.7157
2395.02461086	1485.5876
2396.02236278	1485.3731
2397.02028476	1485.1365
2398.01803668	1484.9109
2399.01578861	1484.7491
2400.01354053	1484.575
2401.01153538	1484.3933
2402.0092873	1484.2847
2403.00702708	1484.1682
2404.004779	1483.9925
2405.00271312	1483.8736
2406.00046504	1483.7769
2406.99821697	1483.7531
2407.99615108	1483.6726
2408.99390301	1483.489
2409.99164279	1483.2905
2410.98939471	1483.1555
2411.98738956	1482.9777
2412.98514148	1482.9094
2413.9828934	1482.848
2414.98082752	1482.76
2415.9785673	1482.8417
2416.97631922	1482.8809
2417.97407115	1482.7479
2418.97182307	1482.814
2419.96981792	1482.7376
2420.96756984	1482.5892
2421.96532176	1482.5216
2422.96324374	1482.5438
2423.96099566	1482.657
2424.95874759	1482.7781
2425.9566817	1482.7361
2426.95443363	1482.6778
2427.95218555	1482.4575
2428.94992533	1482.3333
2429.94773798	1482.1936
2430.9456721	1482.1373
2431.94342402	1482.0625
2432.94117595	1481.8541
2433.93911006	1481.5986
2434.93686199	1481.5315
2435.93460177	1481.5523
2436.93235369	1481.6334
2437.93034854	1481.6706
2438.92810046	1481.7029
2439.92585238	1481.5281
2440.92379258	1481.4166
2441.92152629	1481.2794
2442.91927821	1481.1792
2443.91703014	1481.1453
2444.91496426	1481.1121
2445.91272225	1481.1551
2446.91047418	1481.1653
2447.90827469	1481.2041
2448.90620274	1481.2856
2449.90395466	1481.2916
2450.90170658	1481.1758
2451.89964677	1481.0551
2452.89738655	1480.8872
2453.89513848	1480.7136
2454.89288433	1480.5714
2455.89063625	1480.453
2456.88863717	1480.4153
2457.88637695	1480.4375
2458.88412888	1480.431
2459.88206299	1480.361
2460.87981492	1480.331
2461.87756684	1480.2589
2462.87550096	1480.1235
2463.87325288	1479.8838
2464.87105339	1479.684
2465.86880531	1479.6155
2466.86673943	1479.602
2467.86449135	1479.6144
2468.86224328	1479.6214
2469.8599952	1479.5714
2470.85791718	1479.4477
2471.8556691	1479.2988
2472.85342102	1479.22
2473.85117294	1479.1711
2474.84916779	1479.1149
2475.84691972	1479.0974
2476.84467164	1479.0614
2477.84259362	1479.0182
2478.84034554	1478.9657
2479.83809746	1478.8787
2480.83584938	1478.7654
2481.83360131	1478.6554
2482.83159616	1478.5791
2483.82933594	1478.524
2484.82708786	1478.4759
2485.82502198	1478.4641
2486.8227739	1478.4553
2487.82052582	1478.403
2488.81845994	1478.3192
2489.81621186	1478.3477
2490.81395164	1478.4831
2491.81170356	1478.5267
2492.80945549	1478.5126
2493.80745034	1478.406
2494.80520226	1478.2572
2495.80295418	1478.1823
2496.80087616	1478.0743
2497.79862808	1478.0407
2498.79638	1478.0066
2499.79413193	1477.9307
2500.79212678	1477.8383
2501.7898787	1477.726
2502.7876367	1477.6112
2503.78555261	1477.579
2504.78330454	1477.6543
2505.78105646	1477.6668
2506.77880838	1477.6347
2507.77674857	1477.5499
2508.7745005	1477.4227
2509.77223421	1477.3052
2510.76998613	1477.2562
2511.76798098	1477.2956
2512.76573291	1477.2805
2513.7634909	1477.1604
2514.76141288	1476.9149
2515.7591648	1476.746
2516.75691065	1476.692
2517.75466258	1476.6434
2518.75242057	1476.6449
2519.75040329	1476.5392
2520.74815521	1476.4342
2521.74590713	1476.3098
2522.74383518	1476.3973
2523.74159318	1476.4772
2524.7393451	1476.3979
2525.73727922	1476.2288
2526.735019	1476.0715
2527.73277092	1475.9789
2528.73052284	1475.8905
2529.72851769	1475.8145
2530.72626961	1475.7564
2531.72402154	1475.8962
2532.72176132	1475.9318
2533.71969543	1475.8795
2534.71744736	1475.7723
2535.71519928	1475.5998
2536.7129512	1475.4916
2537.71094605	1475.4825
2538.70869797	1475.5723
2539.70643775	1475.5192
2540.70437187	1475.5075
2541.70212379	1475.3833
2542.69987572	1475.148
2543.69780984	1474.8827
2544.69556176	1474.7789
2545.69330154	1474.6971
2546.69105346	1474.5901
2547.68886611	1474.5993
2548.68680023	1474.5902
2549.68455215	1474.8033
2550.68230408	1475.0068
2551.68023819	1475.0144
2552.67797798	1474.9781
2553.6757299	1474.7884
2554.67348182	1474.7941
2555.67147667	1474.8015
2556.66922859	1474.7564
2557.66698051	1474.6407
2558.66472029	1474.395
2559.66265441	1474.1406
2560.66040634	1474.0119
2561.65815826	1473.9344
2562.65609238	1473.7778
2563.6538443	1473.5951
2564.65166303	1473.7301
2565.64939674	1473.7041
2566.64733086	1473.751
2567.64508278	1473.7561
2568.64283471	1473.7022
2569.6405927	1473.7074
2570.63851468	1473.6865
2571.63626053	1473.4883
2572.63401245	1473.3261
2573.63176438	1473.1941
2574.6297653	1473.089
2575.62751722	1473.0192
2576.625257	1473.054
2577.62319112	1472.8507
2578.62093697	1472.7019
2579.61868889	1472.6646
2580.61662909	1472.5647
2581.61436887	1472.4827
2582.61218152	1472.4846
2583.60993344	1472.429
2584.60767929	1472.3533
2585.60561949	1472.33
2586.60337141	1472.1924
2587.60111119	1471.9756
2588.59904531	1471.8141
2589.59679723	1471.7961
2590.59454915	1471.8049
2591.59230108	1471.7714
2592.59029593	1471.7023
2593.58804785	1471.6371
2594.58578763	1471.4972
2595.58353955	1471.4286
2596.58147367	1471.4455
2597.57922559	1471.4101
2598.57697751	1471.3035
2599.57472944	1471.1806
2600.57271215	1471.098
2601.57046407	1471.0811
2602.56821599	1471.014
2603.56615011	1470.9236
2604.56390203	1470.904
2605.56165395	1470.9032
2606.55958807	1470.8837
2607.55732785	1470.8313
2608.55507977	1470.7085
2609.5528317	1470.5454
2610.55058362	1470.4214
2611.54857847	1470.2727
2612.54633039	1470.0744
2613.54407017	1469.9212
2614.54200429	1469.9235
2615.53975621	1470.0614
2616.53750813	1470.2313
2617.53526006	1470.3631
2618.53325491	1470.3968
2619.53100683	1470.3723
2620.52874661	1470.2698
2621.52649853	1470.1271
2622.52443265	1469.9978
2623.52218457	1469.9071
2624.51993649	1469.8473
2625.51787061	1469.6984
2626.51561039	1469.4307
2627.51336232	1469.1427
2628.51111424	1468.9293
2629.50910909	1468.8272
2630.50686101	1468.7714
2631.50461901	1468.7073
2632.50254099	1468.6508
2633.50028684	1468.6109
2634.49803876	1468.5408
2635.49579068	1468.4978
2636.49354868	1468.4341
2637.49154353	1468.3591
2638.48928331	1468.4096
2639.48702916	1468.5752
2640.48496328	1468.7317
2641.48272128	1468.7459
2642.4804732	1468.6121
2643.47839518	1468.5038
2644.4761471	1468.4426
2645.47389902	1468.4601
2646.47164487	1468.5366
2647.4694636	1468.645
2648.46739772	1468.6432
2649.4651375	1468.5866
2650.46288942	1468.4648
2651.46082354	1468.2274
2652.45857546	1468.061
2653.45632739	1467.818
2654.45407931	1467.612
2655.45207416	1467.4234
2656.44981394	1467.4543
2657.44756586	1467.6705
2658.44549998	1467.8904
2659.4432519	1467.7881
2660.44100382	1467.6046
2661.43875575	1467.4185
2662.43667772	1467.3076
2663.43442965	1467.1894
2664.4322423	1466.9918
2665.42999422	1466.8226
2666.42792834	1466.7741
2667.42568026	1466.7403
2668.42343219	1466.6718
2669.42135416	1466.5948
2670.41910609	1466.3457
2671.41685801	1466.2588
2672.41460993	1466.1565
2673.41236185	1466.2118
2674.4103567	1466.208
2675.40809648	1466.1539
2676.40584841	1466.0039
2677.40378252	1465.8181
2678.40153445	1465.6604
2679.39928637	1465.522
2680.39722049	1465.4803
2681.39497241	1465.5952
2682.39277292	1465.7208
2683.39052484	1465.8648
2684.38845896	1465.9081
2685.38621088	1465.8312
2686.38396281	1465.8107
2687.38171473	1465.6904
2688.37963671	1465.5751
2689.37738863	1465.4804
2690.37514055	1465.4962
2691.37289247	1465.5992
2692.37088732	1465.6098
2693.36864532	1465.5443
2694.3663851	1465.4016
2695.36431315	1465.2934
2696.36206507	1465.0824
2697.35981699	1464.8813
2698.35757499	1464.6888
2699.35531477	1464.4996
2700.35330962	1464.3029
2701.35105547	1463.9888
2702.3488074	1463.7955
2703.34674759	1463.6849
2704.34449951	1463.6422
2705.34223929	1463.6242
2706.34101434	1463.6979
2707.33964574	1463.7862
2708.33842079	1463.9393
2709.33699234	1463.8931
2710.33581526	1463.7131
2711.33441076	1463.5507
2712.33298232	1463.4201
2713.33182919	1463.2995
2714.33058029	1463.2617
2715.3292117	1463.3089
2716.32798674	1463.3076
2717.3265583	1463.2736
2718.32514182	1463.1704
2719.32397671	1463.1469
2720.32272782	1463.1617
2721.32135923	1463.0331
2722.31995472	1462.8141
2723.31870583	1462.6113
2724.3173492	1462.456
2725.31612425	1462.2986
2726.3146958	1462.1857
2727.31351873	1462.098
2728.31211422	1462.0271
2729.31086533	1462.0029
2730.30952068	1461.9044
2731.30827178	1461.8454
2732.30685531	1461.8203
2733.3056902	1461.7865
2734.30426176	1461.6899
2735.30310863	1461.6299
2736.30168018	1461.728
2737.30043129	1461.8333
2738.29902678	1461.926
2739.29783774	1462.0119
2740.29642127	1462.0216
2741.29501676	1461.7795
2742.29382772	1461.5315
2743.29260276	1461.4382
2744.29123417	1461.3121
2745.28980572	1461.2066
2746.2885688	1461.3692
2747.2871643	1461.5031
2748.28597525	1461.4975
2749.28473833	1461.4877
2750.28339367	1461.4307
2751.28196523	1461.0768
2752.28074027	1460.9387
2753.27937168	1460.7084
2754.27813475	1460.4068
2755.27673025	1460.1463
2756.27554121	1459.997
2757.27414868	1459.8421
2758.27289979	1459.6932
2759.27153119	1459.587
2760.27030624	1459.5421
2761.26887779	1459.4487
2762.26770072	1459.4038
2763.26629621	1459.4994
2764.26486777	1459.7755
2765.26370266	1459.8482
2766.26245377	1459.8395
2767.26103729	1459.7437
2768.25984825	1459.6305
2769.25844375	1459.5528
2770.2570153	1459.4966
2771.25583823	1459.4012
2772.25461327	1459.2977
2773.25324468	1459.206
2774.25184017	1459.117
2775.25059128	1459.0097
2776.24923465	1458.8341
2777.2480097	1458.6608
2778.24658125	1458.4783
2779.24542812	1458.3004
2780.24399968	1458.1818
2781.24275078	1458.0064
2782.24140613	1457.905
2783.24015724	1457.8977
2784.23874076	1457.7907
2785.23757565	1457.6423
2786.23614721	1457.5713
2787.2349821	1457.4926
2788.23355366	1457.4229
2789.23231673	1457.3528
2790.23091223	1457.3227
2791.22972319	1457.4173
2792.22829474	1457.558
2793.22690222	1457.7785
2794.22571317	1457.8408
2795.22446428	1457.9496
2796.22311963	1457.9072
2797.22187073	1457.836
2798.22045426	1457.6664
2799.21904975	1457.5552
2800.21786071	1457.5262
2801.21663576	1457.4691
2802.21527913	1457.4764
2803.21385068	1457.3634
2804.21262573	1457.2994
2805.21125713	1457.1242
2806.21002021	1456.9627
2807.20861571	1456.7326
2808.20742666	1456.5176
2809.20602216	1456.3498
2810.20477327	1456.1715
2811.20341664	1456.0644
2812.20219169	1456.1057
2813.20076324	1456.0841
2814.19961011	1456.1085
2815.19818166	1456.1014
2816.19699262	1456.0425
2817.19556417	1455.9808
2818.19433922	1455.8967
2819.19291077	1455.8733
2820.1917337	1455.8685
2821.1903292	1455.8206
2822.18890075	1455.7517
2823.18773564	1455.6244
2824.18648675	1455.4702
2825.18513012	1455.3221
2826.18372562	1455.1829
2827.18247673	1455.0092
2828.18106025	1454.7588
2829.17989515	1454.5643
2830.1784667	1454.486
2831.1773016	1454.5043
2832.17587315	1454.5656
2833.17463622	1454.5879
2834.17329157	1454.578
2835.17204268	1454.5723
2836.17065015	1454.5103
2837.16946111	1454.4506
2838.16803266	1454.3317
2839.16680771	1454.2483
2840.16543911	1454.1744
2841.16419022	1454.0623
2842.16277374	1453.6984
2843.16160864	1453.5254
2844.16018019	1453.737
2845.15877569	1453.8765
2846.15758665	1453.8256
2847.15634972	1453.797
2848.15500507	1453.7027
2849.15375617	1453.4299
2850.1523397	1453.2404
2851.1509352	1453.0747
2852.14974615	1452.9793
2853.1485212	1452.9664
2854.1471526	1453.045
2855.14573613	1453.0394
2856.14451117	1453.0007
2857.14314258	1452.966
2858.1419296	1452.7212
2859.14050115	1452.6769
2860.13931211	1452.6403
2861.13790761	1452.5094
2862.13665871	1452.2113
2863.13529012	1451.9836
2864.13405319	1451.9052
2865.13264869	1451.999
2866.13145965	1452.0092
2867.13005514	1451.9495
2868.1288661	1451.8115
2869.12744963	1451.6307
2870.12622467	1451.5441
2871.12479622	1451.5065
2872.12364309	1451.4076
2873.12221465	1451.2639
2874.1207862	1451.165
2875.1196211	1451.0219
2876.1183722	1450.7107
2877.11701558	1450.44
2878.11561107	1450.404
2879.11436218	1450.465
2880.11295768	1450.3998
2881.1117806	1450.2744
2882.11035216	1450.1653
2883.10918705	1449.9568
2884.10775861	1449.7849
2885.10652168	1449.8573
2886.10517703	1449.8872
2887.10392813	1449.8063
2888.10249969	1449.7483
2889.10133458	1449.6663
2890.09990614	1449.616
2891.09866921	1449.5178
2892.09732456	1449.403
2893.09607566	1448.9421
2894.09468314	1448.7186
2895.09349409	1448.4627
2896.09206565	1448.2097
2897.09066115	1448.0938
2898.0894721	1448.2896
2899.08823518	1448.0856
2900.08689052	1447.742
2901.08564163	1447.6017
2902.08423713	1447.5894
2903.08280868	1447.6422
2904.08163161	1447.5728
2905.08040665	1447.4057
2906.07903806	1447.1967
2907.07762158	1446.9195
2908.07639663	1446.6993
2909.07502803	1446.5253
2910.07380308	1446.3539
2911.07237463	1446.2007
2912.07118559	1445.9667
2913.06976911	1445.7312
2914.06854416	1445.3834
2915.06717556	1445.2405
2916.06596258	1445.1722
2917.06453414	1445.0693
2918.06334509	1444.953
2919.06194059	1444.8191
2920.06075155	1444.6727
2921.05933507	1444.5106
2922.05811012	1444.3458
2923.05668167	1444.1519
2924.05551657	1443.944
2925.05408812	1443.6837
2926.05267164	1443.4646
2927.05150654	1443.4347
2928.05025765	1443.5078
2929.04890102	1443.5172
2930.04767606	1443.5539
2931.04624762	1443.5526
2932.04484312	1443.5746
2933.04365407	1443.6478
2934.04241715	1443.6362
2935.04104855	1443.6585
2936.03964405	1443.5776
2937.03839516	1443.4251
2938.03706248	1443.2047
2939.03581359	1442.9981
2940.03438514	1442.873
2941.03322003	1442.8713
2942.03179159	1442.5892
2943.03055466	1442.3554
2944.02921001	1442.25
2945.02796112	1442.2745
2946.02655661	1442.3126
2947.02536757	1442.2539
2948.02395109	1442.2032
2949.02278599	1442.1169
2950.02135754	1442.033
2951.02012062	1441.9226
2952.01871611	1441.7533
2953.01752707	1441.5317
2954.01612257	1441.221
2955.01469412	1441.0115
2956.01351705	1440.7965
2957.01229209	1440.5406
2958.0109235	1440.3866
2959.00949505	1440.5137
2960.00828207	1440.5421
2961.00691348	1440.459
2962.00566458	1440.3647
2963.00426008	1440.2384
2964.00307104	1439.9696
2965.00165456	1439.7275
2966.00042961	1439.5766
2966.99906101	1439.453
2967.99783606	1439.34
2968.99640761	1439.2394
2969.99523054	1439.1543
2970.99382603	1438.9806
2971.99263699	1438.7868
2972.99124446	1438.6686
2973.98999557	1438.7533
2974.98856713	1438.867
2975.98740202	1438.755
2976.98597357	1438.4704
2977.9845571	1438.2291
2978.98339199	1438.062
2979.9821431	1437.9522
2980.98079845	1438.0183
2981.97954955	1438.0163
2982.97813308	1438.0082
2983.97670463	1437.9476
2984.97553953	1437.7374
2985.97429063	1437.5693
2986.97293401	1437.3463
2987.9715295	1437.1349
2988.97028061	1437.0706
2989.96893596	1437.2312
2990.96768706	1437.1159
2991.96627059	1437.1451
2992.96510548	1437.088
2993.96367704	1436.9383
2994.96246406	1436.7089
2995.96109546	1436.5019
2996.95984657	1436.332
2997.95844206	1436.107
2998.95725302	1435.8851
2999.95583655	1435.6618
3000.95467144	1435.4289
3001.95324299	1435.2791
3002.95201804	1435.2045
3003.95058959	1435.0758
3004.94941252	1434.9908
3005.94798407	1435.0875
3006.94657957	1435.1844
3007.94539053	1435.1845
3008.9441536	1435.0834
3009.94280895	1434.9158
3010.94156005	1434.8798
3011.94015555	1434.9612
3012.93872711	1434.9229
3013.93755003	1434.7666
3014.93614553	1434.6818
3015.93495648	1434.6651
3016.93356396	1434.614
3017.93231507	1434.5774
3018.93094647	1434.5096
3019.92972152	1434.3119
3020.92829307	1434.0814
3021.92711599	1433.882
3022.92571149	1433.7851
3023.9244626	1433.7551
3024.92311794	1433.7776
3025.92186905	1433.9111
3026.92045258	1434.0172
3027.91928747	1434.0067
3028.91785902	1433.773
3029.91666998	1433.5315
3030.91525351	1433.2876
3031.91402855	1432.9918
3032.91265996	1432.7531
3033.911435	1432.5452
3034.91000655	1432.449
3035.90859008	1432.2565
3036.90742497	1432.1605
3037.90617608	1432.0437
3038.9048434	1431.8278
3039.90341496	1431.5673
3040.90216606	1431.4432
3041.90082141	1431.4805
3042.89957252	1431.5768
3043.89815604	1431.6273
3044.89699093	1431.5018
3045.89556249	1431.2867
3046.89433753	1431.133
3047.89296894	1430.8935
3048.89173201	1430.8004
3049.89032751	1430.7792
3050.88913847	1430.6803
3051.88774594	1430.513
3052.88653298	1430.3509
3053.88512847	1430.2678
3054.88387958	1430.2799
3055.88247508	1430.3423
3056.88128604	1430.3093
3057.87986956	1430.2989
3058.87846506	1430.2006
3059.87727601	1430.0216
3060.87606303	1429.8247
3061.87469444	1429.6515
3062.87121913	1429.5566
3063.86775579	1429.6099
3064.86450791	1429.6158
3065.86110442	1429.4596
3066.85762911	1429.2044
3067.85422561	1428.9384
3068.85091789	1428.764
3069.84750242	1428.7511
3070.84403908	1428.784
3071.84061165	1428.7541
3072.83714831	1428.6799
3073.8339124	1428.5049
3074.83044906	1428.3295
3075.82702163	1428.1108
3076.82355829	1427.9345
3077.82014283	1427.8057
3078.81685904	1427.7413
3079.81343161	1427.6322
3080.80996826	1427.4634
3081.8065528	1427.3669
3082.80326901	1427.2419
3083.79984158	1427.1322
3084.79637824	1427.0564
3085.79296278	1426.7706
3086.78967898	1426.5631
3087.78625155	1426.2373
3088.78278821	1426.0811
3089.77937275	1426.0867
3090.77590941	1425.8855
3091.77248198	1425.739
3092.76918622	1425.5488
3093.76578273	1425.4914
3094.76231939	1425.4256
3095.75889196	1425.3939
3096.7555962	1425.3122
3097.7521927	1425.2033
3098.74872936	1425.0556
3099.74530193	1424.8045
3100.74200617	1424.4362
3101.73860268	1424.0356
3102.73513934	1423.8463
3103.73171191	1423.7931
3104.7282366	1423.7502
3105.72483311	1423.6046
3106.72152538	1423.3897
3107.71812189	1423.1592
3108.71464657	1422.8644
3109.71124308	1422.5895
3110.70793536	1422.3972
3111.70453186	1422.1477
3112.70105655	1421.8432
3113.69765306	1421.5934
3114.69416578	1421.3271
3115.69094184	1421.0256
3116.68746653	1420.6837
3117.68406303	1420.38
3118.68057575	1420.0331
3119.67733984	1419.6753
3120.6738765	1419.4035
3121.67047301	1419.0757
3122.66698573	1418.8656
3123.66357027	1418.6491
3124.66010693	1418.3838
3125.65688298	1418.3613
3126.6533957	1418.2309
3127.64998024	1418.0428
3128.6465169	1417.8437
3129.64329296	1417.7148
3130.63980568	1417.5993
3131.63639021	1417.3562
3132.63292687	1417.1491
3133.62970293	1416.9656
3134.62621565	1416.7623
3135.62280019	1416.6444
3136.61933685	1416.5507
3137.61593336	1416.4335
3138.61268548	1416.368
3139.60921017	1416.4495
3140.60574683	1416.3393
3141.60234334	1416.2093
3142.59885605	1416.1093
3143.59562014	1416.0207
3144.5921568	1415.9283
3145.58872937	1415.8036
3146.58526603	1415.5793
3147.58203012	1415.3746
3148.57862663	1415.2997
3149.57513935	1415.1862
3150.57167601	1415.0875
3151.5684401	1414.9996
3152.56503661	1414.8967
3153.56154932	1414.7761
3154.55808598	1414.6675
3155.55467052	1414.554
3156.55120718	1414.441
3157.5479593	1414.2998
3158.54454384	1414.0821
3159.5410805	1413.9549
3160.53761716	1413.8194
3161.53436928	1413.691
3162.53095382	1413.6011
3163.52749048	1413.5194
3164.52402714	1413.3917
3165.52077926	1413.2359
3166.5173638	1413.0628
3167.51390046	1412.9403
3168.51049697	1412.908
3169.50700969	1412.8196
3170.50353438	1412.6459
3171.50031043	1412.4203
3172.49690694	1412.3361
3173.49341966	1412.1795
3174.48994435	1412.0921
3175.48672041	1411.9561
3176.48331692	1411.8732
3177.47982963	1411.7653
3178.47641417	1411.6259
3179.47313038	1411.526
3180.46972689	1411.4863
3181.46623961	1411.4116
3182.46282415	1411.3388
3183.4593608	1411.2727
3184.45611293	1411.234
3185.45264959	1411.1665
3186.44923413	1411.06
3187.44577078	1410.9795
3188.44234335	1410.9288
3189.43905956	1410.8655
3190.4356441	1410.75
3191.43218076	1410.5869
3192.42875333	1410.4197
3193.42546954	1410.2936
3194.42205407	1410.1759
3195.41859073	1410.036
3196.4151633	1409.9236
3197.41186754	1409.7676
3198.40846405	1409.6237
3199.40500071	1409.5415
3200.40157328	1409.4188
3201.39809797	1409.2747
3202.39469448	1409.0692
3203.39141068	1408.9198
3204.38798325	1408.7916
3205.38450794	1408.6639
3206.38110445	1408.4999
3207.37782066	1408.3331
3208.37439323	1408.2048
3209.37091792	1408.0996
3210.36751443	1408.0834
3211.36423063	1408.0943
3212.3608032	1408.0667
3213.35732789	1408.047
3214.3539244	1407.9868
3215.35046106	1407.8916
3216.34703363	1407.7601
3217.34373787	1407.6819
3218.34033438	1407.5497
3219.33687103	1407.5564
3220.33344361	1407.542

