0		1617.1225
0.998801008057	1617.0687
1.99785336114	1617.0532
2.99685769328	1617.0787
3.99565870133	1617.1874
4.99465118076	1617.3054
5.99369168544	1617.2454
6.99249269349	1617.0578
7.99148517292	1616.9182
8.99046580323	1616.8455
9.9893503899	1616.7917
10.9883428693	1616.7277
11.9873234996	1616.6671
12.9861245077	1616.6581
13.9851768608	1616.6915
14.9841574911	1616.6699
15.9831618232	1616.6219
16.9819628313	1616.6243
17.9810151844	1616.6075
18.9799958147	1616.5809
19.978976445	1616.5539
20.9777893043	1616.5122
21.976829809	1616.4863
22.9758341411	1616.4419
23.9746470004	1616.3747
24.9736276307	1616.3366
25.9726681354	1616.3095
26.9714809947	1616.2941
27.970461625	1616.3102
28.9694659571	1616.3072
29.9682669652	1616.3099
30.9673193183	1616.304
31.9662999486	1616.2508
32.9652805789	1616.2111
33.9640934382	1616.149
34.9631339429	1616.1428
35.962138275	1616.1034
36.9611307544	1616.0643
37.9599317625	1616.0235
38.9589722672	1616.0409
39.9579647466	1616.0302
40.9567657547	1615.9816
41.9557700868	1615.9334
42.9548105915	1615.9345
43.9536234508	1615.891
44.9526040811	1615.8217
45.9515847114	1615.7511
46.9503975707	1615.6994
47.9494617758	1615.6687
48.9484424061	1615.6498
49.9474348855	1615.641
50.9462358936	1615.6065
51.9452763983	1615.5919
52.9442688777	1615.6027
53.9430698857	1615.667
54.9420742179	1615.6914
55.9411147226	1615.6144
56.9399275819	1615.5384
57.9389082122	1615.4884
58.9379006916	1615.4504
59.9367016997	1615.4214
60.9357659047	1615.3957
61.934746535	1615.3681
62.9337390145	1615.325
63.9325400225	1615.2861
64.9315805272	1615.2772
65.9305730066	1615.2833
66.9295536369	1615.2745
67.9283783511	1615.2106
68.9274307042	1615.1578
69.9264113345	1615.107
70.9252123425	1615.08
71.924204822	1615.0848
72.9232453266	1615.0486
73.9220700408	1615.0033
74.9210506711	1614.9879
75.9200431505	1614.976
76.9188441586	1614.9722
77.9178846633	1614.9923
78.9168771427	1615.0275
79.915857773	1614.8908
80.9146824871	1614.7993
81.9137348402	1614.7364
82.9127154705	1614.7251
83.9116961008	1614.6744
84.9105089601	1614.6306
85.9095494648	1614.6145
86.908553797	1614.5981
87.907354805	1614.5732
88.9063472844	1614.4768
89.9053877891	1614.4473
90.9041887972	1614.4266
91.9031812766	1614.4126
92.9021619069	1614.3842
93.9009866211	1614.2951
94.9000389741	1614.2095
95.8990196045	1614.1405
96.8980002348	1614.0787
97.8968130941	1614.0103
98.8958535987	1613.968
99.8948579309	1613.9193
100.893658939	1613.8817
101.892651418	1613.8432
102.891691923	1613.8143
103.890504782	1613.774
104.889485413	1613.7408
105.888525917	1613.7214
106.887350631	1613.6876
107.886343111	1613.6421
108.885323741	1613.5815
109.884124749	1613.5373
110.883177102	1613.5283
111.882157733	1613.5219
112.881162065	1613.4875
113.879963073	1613.4502
114.879015426	1613.4497
115.877996056	1613.4413
116.876988536	1613.4171
117.875789544	1613.3844
118.874830048	1613.3367
119.873834381	1613.3397
120.87264724	1613.3533
121.87162787	1613.3736
122.870668375	1613.3374
123.869481234	1613.3208
124.868461864	1613.3275
125.867466197	1613.3701
126.866267205	1613.3096
127.865319558	1613.208
128.864300188	1613.1569
129.863292667	1613.102
130.862093676	1613.064
131.861157881	1613.0185
132.860138511	1613.0202
133.85913099	1612.9799
134.857931998	1612.886
135.856972503	1612.8234
136.855964983	1612.7924
137.854765991	1612.6852
138.853770323	1612.6006
139.852822676	1612.5659
140.851623684	1612.5159
141.850604314	1612.4968
142.849596794	1612.4568
143.848397802	1612.4227
144.847462007	1612.3986
145.846442637	1612.3834
146.845435116	1612.4093
147.844236125	1612.3611
148.843288478	1612.3088
149.842269108	1612.2765
150.841070116	1612.2351
151.840074448	1612.1975
152.839126801	1612.1862
153.837927809	1612.1931
154.83690844	1612.1985
155.835900919	1612.1914
156.834701927	1612.1842
157.833766132	1612.1803
158.832746762	1612.1802
159.831739242	1612.1856
160.83054025	1612.1847
161.829592603	1612.1838
162.828573233	1612.178
163.827553864	1612.1675
164.826378578	1612.1701
165.825430931	1612.1666
166.824411561	1612.1699
167.823212569	1612.1622
168.822205049	1612.1411
169.821245553	1612.1398
170.820070267	1612.1491
171.819050898	1612.1513
172.818043377	1612.1477
173.816844385	1612.1361
174.815896738	1612.1449
175.814877369	1612.1607
176.813857999	1612.1515
177.812682713	1612.1416
178.811735066	1612.1539
179.810715696	1612.1453
180.809696327	1612.1367
181.808509186	1612.132
182.807549691	1612.1297
183.806554023	1612.1352
184.805343183	1612.1464
185.804347515	1612.1186
186.80338802	1612.137
187.802200879	1612.1401
188.80118151	1612.1505
189.80016214	1612.137
190.799046727	1612.126
191.798039206	1612.1186
192.797019836	1612.1265
193.795832696	1612.1351
194.7948732	1612.1347
195.793853831	1612.1304
196.792858163	1612.127
197.791647323	1612.1241
198.790711528	1612.1261
199.789692159	1612.1268
200.788505018	1612.1192
201.787485648	1612.1342
202.786549853	1612.1337
203.785350861	1612.1307
204.784343341	1612.1284
205.783323971	1612.1235
206.78213683	1612.1256
207.781177335	1612.13
208.780157965	1612.1225
209.779162298	1612.1193
210.777951458	1612.1273
211.777015663	1612.1352
212.775996293	1612.1234
213.774988773	1612.1083
214.773789781	1612.1066
215.772853986	1612.1163
216.771822771	1612.1251
217.770647485	1612.1205
218.769628115	1612.1116
219.768680468	1612.1064
220.767481476	1612.1007
221.766462107	1612.0996
222.765466439	1612.1049
223.764279298	1612.1096
224.763319803	1612.1047
225.762312282	1612.1096
226.761292912	1612.1357
227.760093921	1612.1094
228.759158126	1612.0982
229.75812691	1612.1006
230.757131243	1612.1107
231.755932251	1612.1437
232.754984604	1612.15
233.753965234	1612.1823
234.752766242	1612.2316
235.751770574	1612.2866
236.750822927	1612.3824
237.749623935	1612.5202
238.748616415	1612.6892
239.747597045	1612.8419
240.746398053	1612.9843
241.745462258	1613.1408
242.744431043	1613.2541
243.743435375	1613.4108
244.742236383	1613.6195
245.741288736	1613.8403
246.740269367	1614.0645
247.739070375	1614.3015
248.738074707	1614.5507
249.73712706	1614.7759
250.735928068	1614.904
251.734920547	1614.94
252.733901178	1614.8575
253.732702186	1614.7009
254.731766391	1614.5611
255.730735176	1614.466
256.729739508	1614.3608
257.728540516	1614.2438
258.727592869	1614.1341
259.726573499	1614.017
260.725554129	1613.8946
261.724366989	1613.8005
262.723431194	1613.7019
263.722411824	1613.5809
264.721224683	1613.4573
265.720205314	1613.3537
266.719245818	1613.2768
267.718070533	1613.1931
268.717039317	1613.0784
269.716043649	1612.9818
270.714856509	1612.8936
271.713897013	1612.8143
272.712877644	1612.7332
273.711881976	1612.6471
274.710671136	1612.5607
275.709735341	1612.4998
276.708715972	1612.4448
277.707708451	1612.3712
278.706509459	1612.2823
279.705549964	1612.2557
280.704554296	1612.2776
281.703343456	1612.2813
282.702347789	1612.3247
283.701400142	1612.457
284.70020115	1612.5638
285.69918178	1612.6443
286.698186112	1612.6679
287.697035147	1612.6075
288.696039479	1612.6104
289.69502011	1612.6336
290.693832969	1612.6797
291.692873474	1612.758
292.691854104	1612.7288
293.690858436	1612.7047
294.689671295	1612.6759
295.6887118	1612.6156
296.687704279	1612.5422
297.686505287	1612.4447
298.685485918	1612.3658
299.684550123	1612.2988
300.683339283	1612.3064
301.682343615	1612.3121
302.681324246	1612.2972
303.680376599	1612.303
304.679177607	1612.3734
305.678158237	1612.4039
306.677150717	1612.3651
307.675975431	1612.2911
308.675015935	1612.2125
309.674008415	1612.2007
310.672989045	1612.2558
311.671790053	1612.273
312.670854258	1612.2479
313.669823043	1612.2119
314.668647757	1612.169
315.667640237	1612.1492
316.666680741	1612.1836
317.665481749	1612.2028
318.66446238	1612.1143
319.663454859	1612.005
320.662279573	1611.9174
321.661320078	1611.8449
322.660312557	1611.7433
323.659293188	1611.6907
324.658094196	1611.6074
325.657158401	1611.5082
326.656127186	1611.4629
327.655131518	1611.3899
328.653944377	1611.3105
329.652984882	1611.2031
330.651965512	1611.1322
331.65076652	1610.9977
332.649759	1610.8842
333.648823205	1610.7883
334.647624213	1610.6549
335.646616692	1610.5651
336.645597322	1610.4708
337.64439833	1610.3429
338.643462536	1610.2215
339.64243132	1610.1358
340.641435652	1610.0047
341.640248512	1609.8791
342.639289016	1609.8039
343.638269647	1609.7288
344.637094361	1609.651
345.636063146	1609.5483
346.635127351	1609.4622
347.634107981	1609.3794
348.63292084	1609.2904
349.631901471	1609.2051
350.630941975	1609.1359
351.629754835	1609.0409
352.628735465	1608.9468
353.627739797	1608.8512
354.626552656	1608.7671
355.625593161	1608.7012
356.624573791	1608.6043
357.623578124	1608.5135
358.622367284	1608.4638
359.621431489	1608.4225
360.620412119	1608.3728
361.619224979	1608.3299
362.618205609	1608.2942
363.617246114	1608.2782
364.616058973	1608.2642
365.615063305	1608.2273
366.614043935	1608.2065
367.612856795	1608.1879
368.611897299	1608.1873
369.61087793	1608.2139
370.609882262	1608.2369
371.608671422	1608.2573
372.607735627	1608.3162
373.606716258	1608.3923
374.605708737	1608.5098
375.604509745	1608.6963
376.60355025	1608.8959
377.602542729	1609.0331
378.601367443	1608.9477
379.600348074	1608.8661
380.599400427	1608.8271
381.598201435	1608.7714
382.597182065	1608.7707
383.596186397	1608.5727
384.595035432	1608.4324
385.594039764	1608.3664
386.593032244	1608.2937
387.591833252	1608.2134
388.590873757	1608.1381
389.589854387	1608.0947
390.588846866	1608.0658
391.58767158	1608.0194
392.586712085	1607.9491
393.585704565	1607.8931
394.584685195	1607.9653
395.583486203	1607.8712
396.582538556	1607.7705
397.581519186	1607.7152
398.5803439	1607.7618
399.57933638	1607.7527
400.578376885	1607.7265
401.577177893	1607.6433
402.576158523	1607.5024
403.575151002	1607.3746
404.573975716	1607.327
405.573016221	1607.3223
406.572008701	1607.2346
407.570989331	1607.1124
408.569790339	1607.079
409.568842692	1607.0648
410.567823322	1606.9897
411.566648036	1606.8477
412.565640516	1606.7124
413.564681021	1606.6462
414.563482029	1606.6649
415.562462659	1606.683
416.561455138	1606.6071
417.560279853	1606.5586
418.559320357	1606.5378
419.558312837	1606.5104
420.557293467	1606.4426
421.556094475	1606.3919
422.555146828	1606.3438
423.554127458	1606.3019
424.553131791	1606.2047
425.55194465	1606.0904
426.550985154	1606.0831
427.549965785	1606.1485
428.548790499	1606.0585
429.547759284	1605.9525
430.546823489	1605.8648
431.545624497	1605.7393
432.544616976	1605.5763
433.543597607	1605.4862
434.542398615	1605.4305
435.541450968	1605.3506
436.5404553	1605.2252
437.53943593	1605.1702
438.538248789	1605.1658
439.537289294	1605.0629
440.536269924	1604.9709
441.535262404	1604.9407
442.534063412	1604.8604
443.533127617	1604.7515
444.532108247	1604.7099
445.530921107	1604.6677
446.529901737	1604.6359
447.528942242	1604.541
448.527755101	1604.4601
449.526759433	1604.4317
450.525740063	1604.454
451.524552923	1604.3779
452.523593427	1604.2062
453.522574058	1604.0444
454.521566537	1603.9133
455.520367545	1603.7719
456.51943175	1603.6775
457.51842423	1603.6035
458.517225238	1603.5316
459.516205868	1603.4837
460.515246373	1603.4356
461.514059232	1603.3887
462.513063564	1603.2968
463.512044194	1603.1782
464.510857054	1603.126
465.509897558	1603.0945
466.508878189	1603.0843
467.507870668	1602.9991
468.506671676	1602.8567
469.505735881	1602.8011
470.504728361	1602.7446
471.503708991	1602.6624
472.502509999	1602.5418
473.501550504	1602.5004
474.500542983	1602.463
475.499367697	1602.347
476.498348328	1602.2339
477.497400681	1602.0934
478.496201689	1602.0088
479.495182319	1601.8815
480.494174799	1601.7999
481.493035681	1601.7296
482.492040013	1601.6395
483.491032492	1601.6676
484.4898335	1601.6866
485.488874005	1601.5566
486.487854635	1601.377
487.486847115	1601.3656
488.485671829	1601.3413
489.484712333	1601.3443
490.483704813	1601.3048
491.482685443	1601.3026
492.481486451	1601.2309
493.480538804	1601.1051
494.479519435	1600.9849
495.478344149	1600.9196
496.477336628	1600.9831
497.476377133	1600.9278
498.475178141	1600.7932
499.47417062	1600.6839
500.473151251	1600.6216
501.471975965	1600.5151
502.471016469	1600.4246
503.470008949	1600.3495
504.468989579	1600.2539
505.467790587	1600.1372
506.46684294	1600.0784
507.465823571	1600.054
508.464648285	1599.9569
509.463640764	1599.8582
510.462681269	1599.7761
511.461482277	1599.6617
512.460474756	1599.5355
513.459455387	1599.3799
514.458280101	1599.2362
515.457320606	1599.109
516.456313085	1598.9967
517.455293715	1598.8967
518.454094723	1598.7695
519.453147076	1598.6522
520.452151409	1598.5245
521.451132039	1598.4068
522.449944898	1598.3597
523.448985403	1598.3237
524.447966033	1598.2062
525.446778892	1598.1269
526.445759523	1598.0446
527.444823728	1597.999
528.443624736	1597.9808
529.442617215	1597.8513
530.441597846	1597.7121
531.440398854	1597.5605
532.439451207	1597.4932
533.438455539	1597.4561
534.437436169	1597.4152
535.436249029	1597.3776
536.435289533	1597.3188
537.434270164	1597.2694
538.433262643	1597.2409
539.432063651	1597.2369
540.431127856	1597.1914
541.430120336	1597.132
542.428921344	1597.0064
543.427901974	1596.8897
544.426942479	1596.7903
545.425755338	1596.6811
546.42475967	1596.6453
547.4237403	1596.4772
548.42255316	1596.3897
549.421593664	1596.3154
550.420574295	1596.3027
551.419566774	1596.3752
552.418367782	1596.3365
553.417431987	1596.2175
554.416424467	1596.0486
555.415225475	1595.9343
556.414206105	1595.8457
557.41324661	1595.7366
558.412059469	1595.6419
559.411063801	1595.5935
560.410044431	1595.6124
561.408857291	1595.6702
562.407897795	1595.7703
563.406878426	1595.6723
564.405691285	1595.3263
565.40473179	1595.1471
566.403736122	1595.0879
567.402728601	1595.026
568.401529609	1594.954
569.400570114	1594.8755
570.399562593	1594.8016
571.398543224	1594.757
572.397367938	1594.7119
573.396408443	1594.6375
574.395400922	1594.5449
575.39420193	1594.4423
576.39318256	1594.3688
577.392234913	1594.3625
578.391035921	1594.3193
579.390040254	1594.35
580.389032733	1594.3146
581.387833741	1594.1812
582.386874246	1594.0903
583.385866725	1594.0179
584.384847355	1593.9979
585.38367207	1593.9346
586.382712574	1593.8375
587.381705054	1593.7382
588.380685684	1593.7115
589.379486692	1593.6779
590.378539045	1593.6738
591.377543377	1593.6439
592.376344385	1593.6578
593.375336865	1593.7301
594.374377369	1593.738
595.373178378	1593.5989
596.372170857	1593.5089
597.371151487	1593.458
598.369976201	1593.4197
599.369016706	1593.3689
600.368009186	1593.3565
601.366989816	1593.2346
602.365790824	1593.1325
603.364843177	1593.0681
604.363847509	1593.0003
605.362648517	1592.9008
606.361640997	1592.7535
607.360681501	1592.6074
608.359482509	1592.4978
609.358474989	1592.3691
610.357455619	1592.2515
611.356280333	1592.1909
612.355332686	1592.1484
613.354313317	1592.0214
614.353293947	1591.9079
615.352094955	1591.8669
616.351147308	1591.8076
617.35015164	1591.6762
618.34913227	1591.5921
619.34794513	1591.4639
620.346985634	1591.2946
621.345966265	1591.1462
622.344779124	1591.0776
623.343759754	1591.0093
624.342823959	1590.933
625.341636819	1590.7777
626.340617449	1590.648
627.339598079	1590.5735
628.338410939	1590.4996
629.337451443	1590.4589
630.336455776	1590.4748
631.335436406	1590.35
632.334249265	1590.2939
633.33328977	1590.2763
634.3322704	1590.2394
635.33126288	1590.2101
636.330063888	1590.1614
637.329128093	1590.0434
638.328120572	1589.9439
639.32692158	1589.8418
640.32590221	1589.6992
641.324954564	1589.621
642.323755572	1589.5295
643.322759904	1589.4792
644.321740534	1589.4362
645.320553393	1589.405
646.319593898	1589.4711
647.318574528	1589.5139
648.318534088	1589.4789
649.31864392	1589.4491
650.318560859	1589.3914
651.318499107	1589.3136
652.318380161	1589.2758
653.318525885	1589.2406
654.318406939	1589.219
655.318516771	1589.22
656.318433711	1589.2197
657.318371958	1589.2268
658.318481791	1589.1781
659.31839873	1589.1511
660.318336978	1589.1491
661.31844681	1589.1362
662.318363749	1589.0921
663.318244803	1589.0578
664.318183051	1588.9936
665.318271578	1588.9433
666.318209826	1588.9315
667.318340966	1588.9042
668.3182366	1588.8438
669.318174848	1588.8068
670.318305988	1588.7766
671.318201623	1588.7491
672.31813987	1588.6689
673.318271011	1588.6097
674.318152064	1588.5516
675.318069004	1588.5046
676.318178836	1588.4043
677.318117084	1588.3143
678.318034023	1588.2753
679.318143855	1588.2382
680.318082103	1588.1652
681.317999042	1588.1011
682.318108875	1588.033
683.318047122	1587.961
684.317906866	1587.9051
685.318016699	1587.8688
686.317954946	1587.8181
687.318043474	1587.7415
688.317981722	1587.7109
689.317919969	1587.6908
690.317836909	1587.6597
691.317946741	1587.6288
692.317884989	1587.5317
693.317744733	1587.4258
694.317911761	1587.3355
695.317814127	1587.2513
696.317881354	1587.1498
697.317819601	1587.0336
698.317779161	1586.9212
699.317846387	1586.806
700.317805946	1586.702
701.317744194	1586.6331
702.317682441	1586.5548
703.317770969	1586.4535
704.317652023	1586.3398
705.31759027	1586.2374
706.317678798	1586.1294
707.317617046	1586.0336
708.317726878	1585.9569
709.317643817	1585.9339
710.317582065	1585.8827
711.317691897	1585.8023
712.317608837	1585.7666
713.317547084	1585.7238
714.317428138	1585.6459
715.317516666	1585.5076
716.317454913	1585.3525
717.317564746	1585.2012
718.317481685	1585.0882
719.317419933	1585.0014
720.31750846	1584.8684
721.317446708	1584.7696
722.317384956	1584.6803
723.317516096	1584.5198
724.31741173	1584.4138
725.317314097	1584.2939
726.317423929	1584.2056
727.317319563	1584.0991
728.317279123	1583.9842
729.317388955	1583.8858
730.317327203	1583.7561
731.317244142	1583.6191
732.317353974	1583.5116
733.317292222	1583.4032
734.317151966	1583.2996
735.317318994	1583.2176
736.317200048	1583.1138
737.317116987	1583.0247
738.317226819	1582.9448
739.317165067	1582.9123
740.317082006	1582.8607
741.317191839	1582.832
742.317130086	1582.7301
743.317047026	1582.6232
744.317156858	1582.519
745.317016602	1582.4179
746.31695485	1582.3283
747.317064682	1582.2395
748.316981622	1582.1091
749.317091454	1581.9672
750.317051013	1581.8469
751.316989261	1581.754
752.316884895	1581.6548
753.317016035	1581.5694
754.316954283	1581.479
755.316792721	1581.3873
756.316923861	1581.3158
757.316862109	1581.2356
758.316971941	1581.1484
759.31688888	1581.0563
760.316827128	1580.9686
761.31693696	1580.8832
762.3168539	1580.8218
763.316792147	1580.7802
764.316673201	1580.7018
765.316818926	1580.6263
766.316699979	1580.5524
767.316809812	1580.4976
768.316726751	1580.4467
769.316664999	1580.3653
770.316753526	1580.334
771.316691774	1580.2939
772.316630022	1580.2807
773.316718549	1580.2728
774.316656797	1580.2618
775.316559164	1580.2366
776.316454798	1580.2118
777.31656463	1580.1608
778.316524189	1580.1233
779.316634022	1580.1438
780.316529656	1580.2185
781.316489215	1580.2504
782.316599048	1580.2568
783.316494682	1580.2657
784.316454241	1580.2686
785.316564073	1580.2774
786.316445127	1580.2684
787.316362067	1580.2749
788.316471899	1580.2956
789.316410146	1580.3592
790.316327086	1580.4035
791.316436918	1580.4054
792.316375166	1580.487
793.316292105	1580.612
794.316401937	1580.7317
795.316318877	1580.8072
796.31619993	1580.8141
797.316309763	1580.7791
798.316226702	1580.718
799.316336534	1580.7241
800.316296094	1580.8226
801.316191728	1580.832
802.316129976	1580.8031
803.316261116	1580.6791
804.316199364	1580.5901
805.316037801	1580.5848
806.316226136	1580.64
807.31610719	1580.6659
808.316174416	1580.674
809.316133975	1580.6847
810.316072223	1580.6828
811.316182055	1580.6463
812.316098995	1580.5723
813.316037242	1580.5395
814.31597549	1580.5234
815.316064018	1580.5476
816.315945071	1580.4514
817.315883319	1580.3516
818.315971847	1580.2842
819.315910094	1580.2582
820.315998622	1580.206
821.31593687	1580.1367
822.315875117	1580.1574
823.315963645	1580.1987
824.315901893	1580.2802
825.315861452	1580.3432
826.31569989	1580.3584
827.315809722	1580.3095
828.315769281	1580.1668
829.315836508	1580.0432
830.315774755	1579.8552
831.315734315	1579.7267
832.315844147	1579.4882
833.315739781	1579.2641
834.31569934	1579.1194
835.315809173	1578.9224
836.315704807	1578.7456
837.315607174	1578.5597
838.315717006	1578.3305
839.315655254	1578.1408
840.315572193	1577.975
841.315682025	1577.8218
842.315620273	1577.6568
843.315537212	1577.4931
844.315647044	1577.3113
845.315563984	1577.1425
846.315445038	1576.9842
847.315612066	1576.7941
848.31547181	1576.6186
849.315410057	1576.472
850.31551989	1576.2907
851.315436829	1576.1142
852.315375077	1575.9705
853.315506217	1575.8165
854.315401851	1575.6499
855.315340099	1575.4531
856.315471239	1575.333
857.315309677	1575.2195
858.315247925	1575.0902
859.315379065	1574.964
860.315317313	1574.8596
861.315384539	1574.7642
862.315344098	1574.6702
863.315282346	1574.5857
864.31517798	1574.5402
865.31530912	1574.5006
866.315247368	1574.5001
867.315128422	1574.4396
868.315216949	1574.4382
869.315155197	1574.4197
870.315243725	1574.4189
871.315181972	1574.3872
872.31512022	1574.3714
873.315208748	1574.3812
874.315146995	1574.346
875.315085243	1574.3874
876.314944987	1574.3621
877.315112015	1574.2452
878.314993069	1574.2122
879.315081597	1574.1872
880.315019844	1574.1197
881.314979404	1574.0039
882.31504663	1573.9434
883.314984877	1573.7661
884.314944437	1573.7191
885.315011663	1573.6534
886.314949911	1573.5528
887.314852277	1573.456
888.314790525	1573.3719
889.314857751	1573.2508
890.31481731	1573.1454
891.314927143	1573.059
892.314822777	1572.9341
893.314782336	1572.8005
894.314892168	1572.6708
895.314809108	1572.5306
896.314747355	1572.396
897.314857188	1572.2918
898.314716932	1572.1225
899.31465518	1572.0031
900.314765012	1571.9078
901.314681951	1571.8892
902.314620199	1571.767
903.314730031	1571.6149
904.314646971	1571.4748
905.314585218	1571.3151
906.31469505	1571.1353
907.31461199	1570.9889
908.314493044	1570.8305
909.314624184	1570.7288
910.314519818	1570.6047
911.314458066	1570.5011
912.314589206	1570.4505
913.31448484	1570.3859
914.314423088	1570.3124
915.314554228	1570.1667
916.314492476	1570.0957
917.314330914	1569.997
918.314519249	1569.9267
919.314400302	1569.876
920.314467528	1569.7779
921.314427088	1569.6338
922.314365335	1569.5528
923.314453863	1569.4464
924.314392111	1569.3675
925.314330358	1569.2755
926.314247298	1569.251
927.31435713	1569.1983
928.314238184	1569.081
929.314155123	1569.0263
930.314264955	1568.9184
931.314203203	1568.8486
932.314291731	1568.7569
933.314229978	1568.6704
934.314168226	1568.6274
935.314256754	1568.5991
936.314195001	1568.5362
937.314154561	1568.4863
938.313992998	1568.4228
939.314102831	1568.3632
940.31406239	1568.2962
941.314129616	1568.2773
942.314067864	1568.2003
943.314027423	1568.143
944.314137256	1568.1255
945.31403289	1568.0701
946.313992449	1567.9547
947.314102281	1567.8992
948.313997916	1567.8123
949.313900282	1567.7088
950.314010115	1567.6511
951.313927054	1567.6469
952.313865302	1567.5962
953.313975134	1567.5496
954.313892073	1567.5051
955.313830321	1567.4099
956.313940153	1567.32
957.313857092	1567.2393
958.313738146	1567.0818
959.313905174	1567.0469
960.313764918	1567.0716
961.313703166	1567.0004
962.313812998	1566.9297
963.313729938	1566.8587
964.313668185	1566.8404
965.313799326	1566.8118
966.31369496	1566.7254
967.313633208	1566.5982
968.313764348	1566.4746
969.313602786	1566.442
970.313541033	1566.3232
971.313672174	1566.1987
972.313610421	1566.1221
973.313677648	1566.0306
974.313637207	1565.9265
975.313575455	1565.7422
976.313492394	1565.6746
977.313602226	1565.5589
978.313540474	1565.4445
979.313400218	1565.3512
980.31351005	1565.2579
981.313448298	1565.1674
982.313536826	1565.0757
983.313475073	1564.9853
984.313413321	1564.8969
985.313501849	1564.7955
986.313440096	1564.6999
987.313378344	1564.585
988.313238088	1564.4551
989.313405116	1564.3558
990.313307483	1564.3167
991.313374709	1564.2289
992.313312957	1564.1899
993.313272516	1564.1258
994.313339742	1564.0285
995.31327799	1563.8814
996.313237549	1563.7881
997.313347381	1563.6676
998.313243016	1563.5646
999.313145382	1563.4693
1000.31308363	1563.4274
1001.31317216	1563.3571
1002.31311041	1563.2592
1003.31322024	1563.1863
1004.31313718	1563.1445
1005.31307542	1563.0658
1006.31318526	1563.0085
1007.3131022	1562.8516
1008.30876923	1562.6835
1009.3046795	1562.5835
1010.30061927	1562.5143
1011.29636922	1562.454
1012.29219658	1562.3808
1013.28810685	1562.3071
1014.28382732	1562.2751
1015.2797376	1562.2175
1016.27540463	1562.1422
1017.27131491	1562.0549
1018.26725467	1561.912
1019.26294566	1561.7795
1020.25883198	1561.7271
1021.25474226	1561.6962
1022.25046273	1561.6658
1023.24637301	1561.6176
1024.24206952	1561.5843
1025.23795032	1561.5575
1026.2338606	1561.5525
1027.22952763	1561.5795
1028.22543791	1561.5845
1029.2213187	1561.595
1030.21706866	1561.5725
1031.21300842	1561.57
1032.20867545	1561.522
1033.20458573	1561.5055
1034.20049601	1561.5005
1035.19616304	1561.4498
1036.19207331	1561.3821
1037.18795411	1561.3423
1038.18370407	1561.3232
1039.17958486	1561.3172
1040.1754417	1561.3141
1041.17122115	1561.3032
1042.16713142	1561.246
1043.16279845	1561.1707
1044.15870873	1561.1162
1045.15461901	1561.0916
1046.15033948	1561.0553
1047.14622028	1560.9792
1048.14207711	1560.8293
1049.13782707	1560.6767
1050.13370786	1560.5394
1051.12943387	1560.479
1052.12534415	1560.4251
1053.12122495	1560.3783
1054.1169749	1560.4925
1055.11283174	1560.4096
1056.10855221	1560.2693
1057.10446249	1560.1486
1058.10034328	1560.0529
1059.0960398	1559.9743
1060.0919206	1559.9203
1061.08767055	1559.8743
1062.08361032	1559.8062
1063.07946715	1559.6917
1064.07518762	1559.6077
1065.0710979	1559.5529
1066.06676493	1559.4914
1067.06267521	1559.3162
1068.05855601	1559.1644
1069.05430596	1559.0947
1070.05024572	1559.0773
1071.0460436	1558.9838
1072.04182304	1558.9397
1073.03773332	1558.779
1074.03340035	1558.6934
1075.02931063	1558.5408
1076.02522091	1558.4045
1077.02094138	1558.2723
1078.01679821	1558.096
1079.01267901	1557.9287
1080.00842897	1557.8176
1081.00430976	1557.7066
1082.00000628	1557.6346
1082.99594604	1557.5748
1083.99185632	1557.4999
1084.98757679	1557.3686
1085.98343363	1557.1713
1086.97931442	1557.0664
1087.97506438	1557.012
1088.97094518	1556.94
1089.96664169	1556.8626
1090.96258146	1556.7053
1091.95843277	1556.6292
1092.95421222	1556.5546
1093.95006906	1556.4199
1094.94594985	1556.3278
1095.94169981	1556.1719
1096.9375806	1556.034
1097.93327712	1555.9019
1098.92915792	1555.775
1099.9250682	1555.664
1100.92079421	1555.5509
1101.91664552	1555.3633
1102.91258529	1555.2052
1103.90833524	1555.0866
1104.90424552	1554.9931
1105.89991255	1554.9082
1106.89582283	1554.8117
1107.89170362	1554.7118
1108.88740014	1554.5814
1109.88328094	1554.4636
1110.87919121	1554.3522
1111.87497066	1554.2309
1112.87082198	1554.1477
1113.86654799	1554.0729
1114.86245826	1553.9676
1115.85833906	1553.8223
1116.85403558	1553.6685
1117.84991637	1553.5263
1118.84566633	1553.4222
1119.84154713	1553.3325
1120.83745741	1553.2117
1121.83318341	1553.072
1122.82903473	1552.9612
1123.82481418	1552.8294
1124.82067101	1552.7126
1125.81655181	1552.6041
1126.81230177	1552.4825
1127.80821204	1552.3555
1128.8040394	1552.2381
1129.79975987	1552.1297
1130.79567015	1552.02
1131.79136666	1551.9329
1132.78724746	1551.8541
1133.78318722	1551.7635
1134.77893718	1551.6737
1135.77484746	1551.5856
1136.77067481	1551.5146
1137.76642477	1551.4264
1138.76230556	1551.3797
1139.75800208	1551.3555
1140.75388288	1551.2644
1141.74979315	1551.2166
1142.7455726	1551.1401
1143.74142392	1551.0685
1144.73731024	1550.9621
1145.7330602	1550.8966
1146.72894099	1550.8016
1147.72463751	1550.7072
1148.72051831	1550.7023
1149.71642858	1550.6436
1150.71214905	1550.6055
1151.70800589	1550.6115
1152.70394565	1550.5589
1153.69963664	1550.4928
1154.6955764	1550.4369
1155.69127292	1550.4469
1156.6871832	1550.4053
1157.68306399	1550.3672
1158.67881395	1550.3243
1159.6746413	1550.2595
1160.67055158	1550.2217
1161.66627205	1550.1933
1162.66218233	1550.2079
1163.65790834	1550.1685
1164.65375966	1550.2162
1165.64969942	1550.2258
1166.64544938	1550.1976
1167.64127673	1550.2051
1168.63718701	1550.2241
1169.63290748	1550.2242
1170.62881775	1550.2308
1171.62448478	1550.1937
1172.62039506	1550.1338
1173.61633482	1550.1272
1174.61197237	1550.1266
1175.60791213	1550.1483
1176.60382241	1550.1288
1177.59957237	1550.1138
1178.59545316	1550.1421
1179.59112019	1550.1229
1180.58703047	1550.0842
1181.58291127	1550.0968
1182.57860778	1550.1074
1183.57454755	1550.13
1184.5702975	1550.144
1185.5661783	1550.1766
1186.56208858	1550.1992
1187.55778509	1550.2049
1188.55366589	1550.2211
1189.54941585	1550.2497
1190.5452432	1550.2977
1191.54115348	1550.32
1192.53687395	1550.304
1193.53278423	1550.2706
1194.52851023	1550.2581
1195.52436155	1550.2969
1196.52030131	1550.4256
1197.51605127	1550.4187
1198.51187862	1550.3665
1199.5077889	1550.3736
1200.50350937	1550.3712
1201.49941965	1550.3343
1202.49508668	1550.3823
1203.49099696	1550.3809
1204.48693672	1550.3702
1205.48263324	1550.4013
1206.47851403	1550.3987
1207.47442431	1550.4332
1208.47017427	1550.482
1209.46605506	1550.3596
1210.4619119	1550.3761
1211.45763237	1550.3989
1212.45351317	1550.4384
1213.44920968	1550.4453
1214.44511996	1550.3986
1215.44105973	1550.4093
1216.4367802	1550.4229
1217.43269047	1550.3482
1218.42854731	1550.3311
1219.42426778	1550.3198
1220.42017806	1550.342
1221.41584509	1550.3805
1222.41175537	1550.43
1223.40763616	1550.4471
1224.40338612	1550.4617
1225.39927244	1550.479
1226.39512376	1550.5976
1227.39223245	1550.646
1228.38958237	1550.7275
1229.38669106	1550.8425
1230.38392634	1550.9356
1231.38119267	1550.9701
1232.37830136	1551.0013
1233.37558919	1551.0379
1234.37285552	1550.9084
1235.36999527	1550.9317
1236.36726159	1551.0759
1237.36454942	1551.1429
1238.36165811	1551.1196
1239.35892444	1551.0561
1240.35615972	1550.9535
1241.35329947	1550.7519
1242.35061834	1550.5097
1243.34788467	1550.3955
1244.34496231	1550.3364
1245.34222864	1550.305
1246.33946392	1550.2445
1247.33657261	1550.1918
1248.33392253	1550.1032
1249.33118886	1550.0537
1250.3282665	1549.9113
1251.32553282	1549.7695
1252.3228517	1549.6685
1253.31992934	1549.578
1254.31719567	1549.4699
1255.31449304	1549.3534
1256.31160173	1549.2817
1257.30888956	1549.2068
1258.30615589	1549.1571
1259.30323353	1549.0865
1260.30049986	1548.9769
1261.2976396	1549.0064
1262.29495848	1548.9623
1263.29216271	1548.8127
1264.28946009	1548.7233
1265.28656878	1548.6503
1266.28385661	1548.5867
1267.2809653	1548.525
1268.27826268	1548.5081
1269.27546692	1548.4952
1270.27260666	1548.4623
1271.26992554	1548.5257
1272.26719187	1548.5362
1273.2642695	1548.5518
1274.26153583	1548.5137
1275.25877111	1548.5903
1276.2558798	1548.6431
1277.25322973	1548.5898
1278.25049605	1548.5621
1279.24757369	1548.5276
1280.24484002	1548.5097
1281.24215889	1548.5022
1282.23923653	1548.5464
1283.23650286	1548.5882
1284.23380024	1548.6145
1285.23090893	1548.7094
1286.22819676	1548.7009
1287.22546309	1548.7176
1288.22257178	1548.8858
1289.21980706	1549.078
1290.2169468	1549.1752
1291.21426568	1549.1318
1292.21153201	1548.852
1293.20876729	1548.5906
1294.20587598	1548.5583
1295.20316381	1548.5448
1296.20043013	1548.6959
1297.19756988	1548.7492
1298.19483621	1548.6324
1299.1918828	1548.5036
1300.18923272	1548.3817
1301.18649905	1548.224
1302.18373433	1548.0674
1303.18084302	1547.8409
1304.1781404	1547.6994
1305.17518698	1547.5807
1306.17253691	1547.3955
1307.16980324	1547.2086
1308.16706957	1547.0298
1309.1641472	1546.8666
1310.16149713	1546.7061
1311.15860582	1546.5102
1312.15581005	1546.3866
1313.15310743	1546.228
1314.15021612	1546.022
1315.14750395	1545.8596
1316.14477028	1545.7118
1317.14191003	1545.6169
1318.13911426	1545.5149
1319.13643314	1545.365
1320.13357288	1545.242
1321.13083921	1545.1328
1322.12807449	1545.0026
1323.12518318	1544.8734
1324.12247101	1544.833
1325.11973734	1544.6766
1326.11687708	1544.5707
1327.11414341	1544.4718
1328.11122105	1544.3348
1329.10853992	1544.2325
1330.10580625	1544.1749
1331.10304153	1544.1017
1332.10015022	1544.0172
1333.0974476	1543.9178
1334.09476648	1543.7888
1335.09184411	1543.7374
1336.08911044	1543.6846
1337.08637677	1543.5478
1338.08345441	1543.449
1339.08080433	1543.3555
1340.07807066	1543.2229
1341.07517935	1543.1322
1342.07241463	1543.0934
1343.06952332	1542.9981
1344.06681115	1542.8512
1345.06407748	1542.804
1346.06137486	1542.7491
1347.05848355	1542.7034
1348.05574033	1542.6025
1349.05288008	1542.5108
1350.05014641	1542.4379
1351.04738169	1542.376
1352.04449038	1542.3077
1353.0418403	1542.2685
1354.03904454	1542.1856
1355.03618428	1542.0689
1356.03345061	1541.9758
1357.03071694	1541.8965
1358.02784712	1541.8171
1359.0251445	1541.7599
1360.02234874	1541.7244
1361.01961506	1541.6704
1362.01675481	1541.6447
1363.01407369	1541.6207
1364.01115132	1541.5945
1365.00841765	1541.6024
1366.00568398	1541.5371
1367.00276162	1541.5052
1368.00008049	1541.4977
1368.99737787	1541.5031
1369.99448656	1541.4328
1370.99172184	1541.3583
1371.98904072	1541.3201
1372.98611835	1541.2715
1373.98338468	1541.1559
1374.98068206	1541.1903
1375.97779075	1541.1433
1376.97510963	1541.0713
1377.97234491	1541.0664
1378.9694536	1541.011
1379.96668888	1540.9814
1380.96379757	1541.0851
1381.96114749	1540.8851
1382.95841382	1540.8793
1383.9556491	1540.9042
1384.95275779	1540.8598
1385.95002412	1540.7898
1386.9471543	1540.7305
1387.94442063	1540.6784
1388.94171801	1540.6503
1389.93898434	1540.6025
1390.93606197	1540.5334
1391.93338085	1540.4677
1392.93045849	1540.4247
1393.92772482	1540.3467
1394.92502219	1540.2829
1395.92213089	1540.1992
1396.91938767	1540.1384
1397.91668505	1540.0853
1398.91379374	1540.0207
1399.91102902	1539.9504
1400.9083479	1539.8699
1401.90548764	1539.8511
1402.90269188	1539.8342
1403.89998925	1539.767
1404.89709795	1539.681
1405.89441682	1539.612
1406.8916521	1539.5198
1407.88879185	1539.4733
1408.88599608	1539.4128
1409.88310477	1539.3562
1410.8804547	1539.3165
1411.87772102	1539.3069
1412.8749563	1539.2619
1413.872065	1539.1847
1414.86933132	1539.1297
1415.86661915	1539.0242
1416.86372784	1538.9976
1417.86102522	1538.9436
1418.85829155	1538.889
1419.85536919	1538.8638
1420.85268806	1538.8387
1421.84992334	1538.7973
1422.84703203	1538.7691
1423.84432941	1538.9036
1424.8414381	1538.7568
1425.83875698	1538.6438
1426.83599226	1538.6078
1427.83325859	1538.5709
1428.83033622	1538.5372
1429.8276551	1538.5031
1430.82479484	1538.4133
1431.82206117	1538.4269
1432.81929645	1538.4261
1433.81640514	1538.3637
1434.81372402	1538.3168
1435.8109593	1538.2693
1436.80806799	1538.2539
1437.80536537	1538.2542
1438.80262215	1538.3258
1439.7997619	1538.3854
1440.79702823	1538.3862
1441.79426351	1538.3922
1442.7913722	1538.417
1443.78866958	1538.3906
1444.78592636	1538.3548
1445.78303505	1538.323
1446.78033243	1538.2476
1447.77759876	1538.1752
1448.7746764	1538.1393
1449.77199527	1538.0511
1450.76929265	1538.0502
1451.76633924	1538.033
1452.76363662	1538.0021
1453.76095549	1537.8811
1454.75806418	1537.83
1455.75529946	1537.8274
1456.75256579	1537.8441
1457.74964343	1537.829
1458.7469623	1537.7508
1459.74425968	1537.6888
1460.74136837	1537.6403
1461.73860365	1537.5899
1462.73571234	1537.5227
1463.73303122	1537.4537
1464.7302665	1537.3785
1465.72753283	1537.3103
1466.72467257	1537.2688
1467.72199145	1537.2446
1468.71906909	1537.2182
1469.71633541	1537.152
1470.71360174	1537.0745
1471.71067938	1536.9789
1472.70797676	1536.9829
1473.70529563	1536.9478
1474.70240432	1536.8957
1475.6996396	1536.8828
1476.69690593	1536.8574
1477.69398357	1536.8295
1478.69130245	1536.7738
1479.68859982	1536.7607
1480.68586615	1536.716
1481.68291274	1536.6624
1482.68026266	1536.6809
1483.67737135	1536.6769
1484.67460663	1536.5469
1485.67187296	1536.4934
1486.66901271	1536.4648
1487.66626949	1536.4545
1488.66356687	1536.4128
1489.66067556	1536.3551
1490.65791084	1536.3153
1491.65522972	1536.2586
1492.65236947	1536.1899
1493.6495737	1536.1668
1494.64684003	1536.1314
1495.64397977	1536.0162
1496.64129865	1535.9299
1497.63853393	1535.8149
1498.63564262	1535.7197
1499.63290895	1535.6326
1500.62998658	1535.6156
1501.62733651	1535.508
1502.62460284	1535.3486
1503.62186917	1535.2255
1504.6189468	1535.1756
1505.61621313	1535.1154
1506.61329077	1535.0425
1507.61060964	1535.0453
1508.60790702	1534.983
1509.60517335	1534.9211
1510.60225099	1534.8407
1511.59956986	1534.7448
1512.59667855	1534.7378
1513.59391383	1534.7538
1514.59118016	1534.6752
1515.58831991	1534.5721
1516.58563878	1534.4942
1517.58287406	1534.4727
1518.57998275	1534.4323
1519.57724908	1534.4047
1520.57453691	1534.3952
1521.57167666	1534.38
1522.56894299	1534.2924
1523.56620931	1534.2765
1524.56328695	1534.1759
1525.56060583	1534.087
1526.55784111	1534.0787
1527.5549498	1533.9803
1528.55224718	1533.903
1529.5495135	1533.8156
1530.54661264	1533.8032
1531.54391002	1533.828
1532.54117635	1533.7856
1533.53825398	1533.7493
1534.53552031	1533.7001
1535.53287024	1533.5937
1536.52991682	1533.587
1537.5272142	1533.5478
1538.52448053	1533.4681
1539.52158922	1533.4449
1540.51887705	1533.4071
1541.51617443	1533.4088
1542.51322102	1533.3791
1543.51048734	1533.3411
1544.50762709	1533.4119
1545.50494597	1533.3018
1546.50218125	1533.2328
1547.49944757	1533.2127
1548.49655626	1533.1664
1549.49384409	1533.1118
1550.49095278	1533.0715
1551.48825016	1533.0283
1552.48551649	1533.0251
1553.48259413	1533.0072
1554.479913	1532.9516
1555.47714828	1532.8479
1556.47425697	1532.716
1557.47155435	1532.6985
1558.46882068	1532.6388
1559.46598192	1532.5816
1560.4632172	1532.5194
1561.46048352	1532.4355
1562.4577188	1532.3217
1563.45482749	1532.2616
1564.45217742	1532.1688
1565.45097649	1532.1466
1566.44995756	1532.0937
1567.44875663	1532.0251
1568.44778589	1532.0453
1569.44662243	1532.0364
1570.44564098	1531.9043
1571.4445257	1531.8018
1572.44350677	1531.7233
1573.44230584	1531.5911
1574.44114238	1531.543
1575.44013417	1531.4746
1576.43897072	1531.4033
1577.43798926	1531.3629
1578.43682581	1531.317
1579.43585506	1531.2426
1580.43465413	1531.1824
1581.43363521	1531.1074
1582.43251993	1531.0428
1583.43146353	1531.0017
1584.43030008	1530.9467
1585.4293668	1530.9126
1586.42820334	1530.8648
1587.42718442	1530.7955
1588.42598349	1530.7338
1589.42482003	1530.7138
1590.42388676	1530.6748
1591.42286783	1530.6645
1592.4216669	1530.6626
1593.42055162	1530.5162
1594.4195327	1530.4422
1595.4184763	1530.4157
1596.41736102	1530.3688
1597.41623504	1530.3186
1598.41521612	1530.2338
1599.41405266	1530.1676
1600.41304445	1530.1255
1601.41188099	1530.0936
1602.4108246	1530.113
1603.40966114	1530.1433
1604.4086904	1530.0214
1605.40756442	1529.9263
1606.40654549	1529.873
1607.40543021	1529.7766
1608.40437382	1529.7023
1609.40321036	1529.7033
1610.40200943	1529.6782
1611.40103869	1529.6391
1612.40005724	1529.5331
1613.39889378	1529.4736
1614.39773032	1529.4786
1615.39672211	1529.4534
1616.39555865	1529.3771
1617.39450226	1529.2355
1618.39338698	1529.2004
1619.39236806	1529.2125
1620.39124208	1529.1488
1621.39027133	1529.1071
1622.38910787	1529.1183
1623.38805148	1529.0742
1624.38688802	1528.9078
1625.38587981	1528.7756
1626.38471636	1528.7369
1627.3837349	1528.7458
1628.38257145	1528.7015
1629.3816007	1528.6411
1630.38039977	1528.5914
1631.37938085	1528.5992
1632.37825487	1528.6754
1633.37706464	1528.6816
1634.37608319	1528.6481
1635.37491973	1528.542
1636.37394899	1528.5739
1637.37274806	1528.5638
1638.37172913	1528.5442
1639.37056568	1528.58
1640.3696324	1528.3194
1641.368394	1528.202
1642.36741255	1528.076
1643.36624909	1528.0464
1644.36527835	1527.9384
1645.36407741	1527.8364
1646.36291396	1527.8237
1647.36198068	1527.7747
1648.36096176	1527.5598
1649.35976083	1527.4166
1650.35859737	1527.3531
1651.35762663	1527.232
1652.35657023	1527.1016
1653.35540678	1526.925
1654.35424332	1526.8792
1655.35331004	1526.8314
1656.35214659	1526.7531
1657.35112766	1526.7264
1658.34997491	1526.7012
1659.34895599	1526.6108
1660.34775505	1526.5592
1661.34678431	1526.5219
1662.34565833	1526.5081
1663.34463941	1526.4999
1664.34347595	1526.2406
1665.34246774	1526.1347
1666.34130428	1526.1347
1667.34024789	1525.9393
1668.33908443	1525.9077
1669.33815116	1525.811
1670.3369877	1525.779
1671.33596878	1525.7335
1672.33481602	1525.6395
1673.33365256	1525.6853
1674.33259617	1525.6175
1675.33143271	1525.5609
1676.33046197	1525.5489
1677.32933599	1525.6181
1678.32831707	1525.4956
1679.32715361	1525.3927
1680.3261454	1525.3873
1681.32498194	1525.325
1682.32392555	1525.339
1683.32281027	1525.3474
1684.32182881	1525.3026
1685.32066536	1525.3211
1686.3195019	1525.4383
1687.31849369	1525.2526
1688.31747477	1525.227
1689.31631131	1525.3629
1690.31518533	1525.4554
1691.31413965	1525.5313
1692.3131582	1525.6365
1693.31199474	1525.6949
1694.31087946	1525.7244
1695.30982307	1525.6084
1696.30880414	1525.5774
1697.30772634	1525.5522
1698.30656288	1525.4066
1699.30550649	1525.2646
1700.30434303	1525.1827
1701.30337229	1525.179
1702.30217136	1525.1914
1703.30115243	1525.2266
1704.30002645	1525.2735
1705.29905571	1525.2096
1706.29789225	1525.0371
1707.29683586	1524.8893
1708.29572058	1524.818
1709.29466418	1524.8346
1710.29350073	1524.822
1711.29233727	1524.7823
1712.291404	1524.8222
1713.29024054	1524.8107
1714.28922161	1524.8892
1715.28802068	1524.8746
1716.28344823	1524.6644
1717.27868626	1524.4872
1718.27409053	1524.4982
1719.26935848	1524.5593
1720.26454331	1524.5471
1721.25997086	1524.5654
1722.25520889	1524.5859
1723.25058324	1524.6239
1724.24582127	1524.5465
1725.24124881	1524.4248
1726.2364935	1524.3822
1727.23192104	1524.335
1728.22710588	1524.4088
1729.22253342	1524.4173
1730.21777145	1524.2799
1731.2131458	1524.2755
1732.20844368	1524.2282
1733.20362851	1524.0857
1734.19905606	1524.0072
1735.19432401	1524.0652
1736.18966844	1524.0597
1737.18490647	1524.0969
1738.18012123	1524.0939
1739.17557869	1523.9956
1740.17079345	1523.9134
1741.16619108	1523.8483
1742.16145903	1523.7882
1743.15680346	1523.7544
1744.15207141	1523.6477
1745.14752888	1523.5638
1746.14268379	1523.4974
1747.13798167	1523.5437
1748.13335602	1523.5676
1749.12859405	1523.5336
1750.12399167	1523.5256
1751.11920643	1523.5498
1752.1146639	1523.4644
1753.10987866	1523.3233
1754.1053062	1523.3158
1755.10054423	1523.3326
1756.09588866	1523.306
1757.09115661	1523.2443
1758.0864013	1523.1856
1759.08176901	1523.0468
1760.07706689	1522.7637
1761.07244123	1522.6885
1762.06767926	1522.6724
1763.06289402	1522.6354
1764.05829165	1522.5681
1765.0535596	1522.4881
1766.04896387	1522.4223
1767.04423183	1522.3334
1768.03962945	1522.2205
1769.03484421	1522.3605
1770.03024184	1522.3878
1771.02548652	1522.4117
1772.02085423	1522.3626
1773.01615211	1522.2545
1774.01136687	1522.0335
1775.0067645	1521.993
1776.00197926	1522.1694
1776.99737688	1522.1115
1777.99259164	1522.0451
1778.98804911	1522.0654
1779.98331706	1522.0045
1780.9785019	1521.8763
1781.97392944	1521.5832
1782.96911427	1521.3934
1783.96454182	1521.3165
1784.95977985	1521.1829
1785.95518412	1521.0681
1786.95045207	1520.9294
1787.94566683	1520.7768
1788.94106446	1520.5496
1789.93630249	1520.5513
1790.93167683	1520.5985
1791.92697471	1520.7244
1792.92240226	1520.9653
1793.91758709	1521.1188
1794.91301464	1521.1588
1795.90819947	1521.1124
1796.90362702	1521.0081
1797.89886505	1520.9252
1798.89426932	1520.7644
1799.88953727	1520.5041
1800.88475203	1520.2286
1801.88014965	1520.0375
1802.87538768	1519.9413
1803.87076203	1519.8026
1804.86605991	1519.8054
1805.86127467	1519.7745
1806.8566723	1519.6671
1807.85194025	1519.6023
1808.84728468	1519.5058
1809.84255263	1519.3747
1810.83795026	1519.3944
1811.83316501	1519.4334
1812.8284097	1519.3872
1813.82383725	1519.2688
1814.81907528	1519.0607
1815.81444962	1518.9327
1816.80968765	1518.9123
1817.8051152	1518.7822
1818.80035989	1518.6682
1819.79575751	1518.5727
1820.79097227	1518.5212
1821.7863699	1518.3673
1822.78163785	1518.2907
1823.77698228	1518.1974
1824.77225023	1518.0924
1825.76749492	1517.995
1826.76292246	1517.9597
1827.75816049	1517.9777
1828.75353484	1517.8717
1829.74877287	1517.8557
1830.74398763	1517.8647
1831.73944509	1517.8771
1832.73468312	1517.8576
1833.73005747	1517.7786
1834.72532542	1517.6406
1835.72072305	1517.5434
1836.71590788	1517.5233
1837.71143854	1517.5206
1838.7069692	1517.4546
1839.70260904	1517.4505
1840.6981397	1517.3583
1841.69361576	1517.1445
1842.68914642	1516.7979
1843.68467708	1516.4697
1844.68015314	1516.1984
1845.6756565	1515.9942
1846.67113257	1515.7672
1847.666827	1515.5099
1848.66230307	1515.2238
1849.65783372	1514.9712
1850.65336438	1514.6969
1851.64884045	1514.3855
1852.6443711	1513.9747
1853.63984717	1513.6648
1854.63535053	1513.4792
1855.63107225	1513.2329
1856.62652102	1512.9067
1857.62199709	1512.584
1858.61758234	1512.3491
1859.6130584	1512.2001
1860.60853446	1511.9937
1861.60406512	1511.8712
1862.59970496	1511.7475
1863.59529021	1511.694
1864.59076628	1511.7139
1865.58621504	1511.7286
1866.58180029	1511.7055
1867.57727636	1511.6821
1868.57275242	1511.6425
1869.56828308	1511.6014
1870.56392292	1511.5869
1871.55945358	1511.5513
1872.55498424	1511.489
1873.55043301	1511.4059
1874.54596367	1511.3836
1875.54149432	1511.2569
1876.53713416	1511.1639
1877.53244646	1511.1584
1878.52814089	1511.0969
1879.52361696	1510.9691
1880.51920221	1510.8633
1881.51467827	1510.812
1882.51018163	1510.7325
1883.50565769	1510.6408
1884.50135213	1510.5808
1885.49682819	1510.5006
1886.49235885	1510.392
1887.48783491	1510.3333
1888.48336557	1510.2367
1889.47889623	1510.1786
1890.47437229	1510.0884
1891.46987565	1509.9567
1892.46540631	1509.864
1893.46104615	1509.7517
1894.45652222	1509.6579
1895.45205287	1509.4591
1896.44758353	1509.3989
1897.4430596	1509.4072
1898.43859025	1509.1925
1899.43423009	1509.1868
1900.42956969	1509.047
1901.42529141	1508.8654
1902.42074018	1508.7532
1903.41627084	1508.6519
1904.4118015	1508.5111
1905.40727756	1508.382
1906.40280822	1508.3165
1907.39844806	1508.2398
1908.39395142	1508.1819
1909.38950937	1508.0097
1910.38495814	1507.8059
1911.38043421	1507.797
1912.37601946	1507.7065
1913.37149552	1507.4581
1914.36697158	1507.3434
1915.36266602	1507.2508
1916.35814208	1507.148
1917.35372733	1507.1305
1918.3492034	1507.1202
1919.34465217	1507.0356
1920.34018283	1506.8893
1921.33571348	1506.7805
1922.33135333	1506.7006
1923.32688398	1506.6524
1924.32236005	1506.5859
1925.31789071	1506.5114
1926.31342136	1506.3982
1927.30889743	1506.288
1928.30440079	1506.2424
1929.29993144	1506.2366
1930.29557128	1506.1704
1931.29104735	1506.0674
1932.286578	1506.071
1933.28210866	1505.9678
1934.27758473	1505.8981
1935.27311538	1505.7821
1936.26859145	1505.7655
1937.26409481	1505.7529
1938.25981654	1505.7051
1939.2552653	1505.585
1940.25079596	1505.558
1941.24408865	1505.6581
1942.23725407	1505.7995
1943.23058782	1505.8013
1944.22388051	1505.6279
1945.21704592	1505.5344
1946.21037967	1505.4786
1947.20366826	1505.4061
1948.19696095	1505.3407
1949.19017153	1505.2892
1950.18346012	1505.2362
1951.17675281	1505.1001
1952.16991822	1505.1284
1953.16325197	1505.2508
1954.15654056	1505.1331
1955.14983325	1505.0925
1956.1429535	1505.1285
1957.13633241	1505.0243
1958.12953478	1504.9694
1959.12279053	1504.9253
1960.11603396	1504.8109
1961.10932665	1504.7377
1962.10249207	1504.6219
1963.09582581	1504.5388
1964.0891144	1504.4776
1965.08240709	1504.5006
1966.07561767	1504.4369
1967.06890626	1504.3699
1968.06219895	1504.3754
1969.05540953	1504.3732
1970.04869812	1504.1346
1971.04203187	1504.0213
1972.0352794	1503.8843
1973.02848998	1503.7869
1974.02177857	1503.6519
1975.01507126	1503.6289
1976.00819151	1503.5251
1977.00157042	1503.3789
1977.99477279	1503.3262
1978.98802854	1503.2647
1979.98136229	1503.1581
1980.97460572	1503.0263
1981.96794357	1502.9324
1982.96106382	1502.8292
1983.95444273	1502.7615
1984.94752193	1502.6778
1985.94085568	1502.6636
1986.93414426	1502.6409
1987.92747801	1502.4614
1988.92072554	1502.3153
1989.91393612	1502.3203
1990.90726987	1502.2898
1991.9005174	1502.2622
1992.89372798	1502.1651
1993.88706173	1502.048
1994.88035032	1501.9706
1995.87351985	1501.8227
1996.86680844	1501.7613
1997.86014218	1501.6661
1998.85338971	1501.6184
1999.84660029	1501.555
2000.83984372	1501.4927
2001.83305842	1501.4483
2002.82630185	1501.3509
2003.81968076	1501.2194
2004.81292419	1501.167
2005.80621688	1501.1264
2006.7993823	1501.0183
2007.79271605	1500.9842
2008.78584041	1500.8685
2009.77917416	1500.7606
2010.7725079	1500.8211
2011.76579649	1500.8322
2012.75896602	1500.7284
2013.75229977	1500.5565
2014.74558836	1500.4615
2015.73888105	1500.3531
2016.73204647	1500.2385
2017.72538021	1500.1963
2018.71850458	1500.1876
2019.71183832	1500.177
2020.70512691	1500.0431
2021.69846066	1499.9421
2022.69166303	1499.7873
2023.68491878	1499.6784
2024.67816221	1499.6573
2025.67133174	1499.6037
2026.66462033	1499.5585
2027.65795407	1499.5168
2028.65124266	1499.5195
2029.64441219	1499.5011
2030.63774594	1499.472
2031.63103453	1499.4106
2032.62432722	1499.2929
2033.61749263	1499.1385
2034.61082638	1498.9814
2035.60399591	1498.8516
2036.5972845	1499.1955
2037.59061825	1499.2703
2038.58390684	1498.9373
2039.57896628	1498.629
2040.57411205	1498.5523
2041.56934413	1498.4474
2042.56440358	1498.3837
2043.55963566	1498.3139
2044.55478143	1498.3053
2045.55001351	1498.2087
2046.54507295	1498.1497
2047.54017556	1498.1113
2048.53545079	1498.0846
2049.53051024	1497.8726
2050.52578548	1497.7747
2051.52088809	1497.5844
2052.51599069	1497.43
2053.51117962	1497.2558
2054.50632538	1497.2494
2055.50155747	1497.2275
2056.49666007	1497.1565
2057.49167636	1497.1374
2058.4869516	1497.0844
2059.4820542	1497.0003
2060.47728628	1496.7884
2061.47243205	1496.787
2062.46753465	1496.8542
2063.46272358	1496.8347
2064.45782619	1496.7194
2065.45310142	1496.5497
2066.44820403	1496.4583
2067.44322031	1496.356
2068.43849555	1496.2132
2069.43359816	1496.0645
2070.42883024	1496.042
2071.423976	1495.9771
2072.41907861	1495.9011
2073.41426754	1495.8664
2074.40937014	1495.9316
2075.40464538	1495.9695
2076.39974798	1495.9306
2077.39476427	1495.7405
2078.38999635	1495.5814
2079.38514212	1495.4801
2080.3803742	1495.3711
2081.37551997	1495.3209
2082.37062257	1495.3499
2083.3658115	1495.3488
2084.3609141	1495.2898
2085.35618934	1495.1575
2086.35124879	1495.0235
2087.34630824	1494.9584
2088.34154032	1494.9066
2089.33668608	1494.8132
2090.33191817	1494.7812
2091.32706393	1494.527
2092.32216654	1494.4277
2093.31735546	1494.3348
2094.31245807	1494.2724
2095.30773331	1494.064
2096.30279276	1493.9482
2097.29798168	1493.9457
2098.29308429	1493.8839
2099.28823005	1493.758
2100.28346214	1493.6937
2101.2786079	1493.5419
2102.27371051	1493.2717
2103.26889943	1493.1455
2104.26395888	1493.123
2105.25927728	1493.2201
2106.25433673	1493.1268
2107.24952566	1493.0462
2108.24462826	1492.913
2109.23981719	1492.71
2110.23500612	1492.4924
2111.23015189	1492.3766
2112.22525449	1492.2568
2113.22048657	1492.11
2114.21550286	1491.9278
2115.2107781	1491.7316
2116.2058807	1491.5659
2117.20111278	1491.518
2118.19617223	1491.4257
2119.19136116	1491.2433
2120.18655009	1491.0664
2121.18165269	1490.7641
2122.1767553	1490.5443
2123.17203055	1490.346
2124.16704684	1490.2105
2125.16227892	1490.0733
2126.15742468	1489.8783
2127.15265677	1489.6778
2128.14771621	1489.5765
2129.14290514	1489.56
2130.13809407	1489.4356
2131.13319667	1489.2017
2132.12829928	1489.0858
2133.12353137	1488.9892
2134.11859081	1488.8949
2135.11382289	1488.7243
2136.10896866	1488.51
2137.10420074	1488.3081
2138.09926019	1488.1454
2139.09444911	1488.0903
2140.08963804	1487.9998
2141.08474065	1487.8483
2142.07984326	1487.7236
2143.07507534	1487.6662
2144.07013479	1487.6568
2145.06536687	1487.4683
2146.06051263	1487.2438
2147.05574472	1487.0024
2148.05080416	1486.611
2149.04599309	1486.3726
2150.04118202	1486.2305
2151.03628462	1486.0757
2152.03138723	1485.9141
2153.02661932	1485.835
2154.02180825	1485.7665
2155.01691085	1485.5889
2156.01205662	1485.4323
2157.0072887	1485.2291
2158.00234814	1485.1206
2158.99753707	1485.0205
2159.99276915	1484.921
2160.98778544	1484.8841
2161.98293121	1484.8753
2162.97816329	1484.6887
2163.97335222	1484.5075
2164.96845482	1484.3397
2165.96360059	1484.2843
2166.95883267	1484.2547
2167.95389211	1484.1527
2168.94908104	1484.0528
2169.94431313	1484.0402
2170.93932941	1484.0022
2171.93460465	1483.9
2172.92970725	1483.8706
2173.92493934	1483.6719
2174.91999878	1483.4773
2175.91514455	1483.3636
2176.91037663	1483.4785
2177.90543607	1483.5029
2178.90058185	1483.2592
2179.8958571	1483.1394
2180.89087338	1483.0759
2181.88610547	1483.033
2182.88125123	1482.9758
2183.87648331	1482.8944
2184.87154276	1482.8683
2185.86668853	1482.6536
2186.86192061	1482.4055
2187.85702321	1482.2224
2188.85212582	1482.1083
2189.84735791	1482.0273
2190.84241735	1481.9355
2191.83764943	1481.803
2192.8327952	1481.7565
2193.82802728	1481.6256
2194.82308673	1481.4628
2195.81818933	1481.4109
2196.81346457	1481.3087
2197.80856717	1481.2102
2198.80366978	1481.0991
2199.79890187	1481.0407
2200.79396131	1480.936
2201.78919339	1480.7743
2202.78433916	1480.7102
2203.77957124	1480.6773
2204.77463069	1480.5256
2205.76973329	1480.3718
2206.76500853	1480.3208
2207.76006798	1480.2969
2208.75521374	1480.1726
2209.75044582	1480.0721
2210.74550527	1479.9351
2211.74073735	1479.8012
2212.73588312	1479.6144
2213.7311152	1479.4873
2214.72617464	1479.3804
2215.72127725	1479.2542
2216.71655249	1479.1105
2217.71161194	1478.968
2218.70688717	1478.9273
2219.70198978	1478.8403
2220.69709238	1478.7821
2221.69228131	1478.6669
2222.68742708	1478.4526
2223.68265916	1478.2903
2224.6777186	1478.236
2225.67277805	1478.1612
2226.67214748	1478.0487
2227.67140204	1477.8177
2228.67061832	1477.6553
2229.66998775	1477.5385
2230.66920402	1477.5684
2231.66857345	1477.5292
2232.66778048	1477.412
2233.66699676	1477.3107
2234.66636619	1477.1701
2235.66562075	1477.057
2236.66483702	1477.0073
2237.66420645	1476.8529
2238.66342273	1476.8789
2239.66279216	1476.6642
2240.66204672	1476.4788
2241.66126299	1476.3406
2242.66053737	1476.2076
2243.65975365	1476.0095
2244.65905574	1476.0265
2245.65842517	1476.0583
2246.65764144	1475.9003
2247.656896	1475.7387
2248.65613209	1475.573
2249.65538665	1475.385
2250.65460292	1475.191
2251.65397235	1475.119
2252.65322691	1475.0103
2253.65255805	1474.8069
2254.65181261	1474.635
2255.65102888	1474.483
2256.65039832	1474.4792
2257.64965288	1474.4638
2258.64898402	1474.4815
2259.64823857	1474.5209
2260.64740731	1474.3665
2261.64677675	1474.1875
2262.64603131	1473.9917
2263.64524758	1473.9053
2264.64461701	1473.9387
2265.64383329	1473.9291
2266.64299278	1473.7406
2267.64236221	1473.5296
2268.64157849	1473.3697
2269.64083305	1473.3191
2270.64016419	1473.2822
2271.63941875	1473.2445
2272.63878818	1473.2261
2273.63795692	1473.1408
2274.63721148	1472.9028
2275.63654262	1472.7606
2276.63579718	1472.7727
2277.63501345	1472.8388
2278.63438288	1472.7847
2279.63363744	1472.6176
2280.63296858	1472.4164
2281.63222314	1472.2343
2282.63143941	1471.9431
2283.63071379	1471.865
2284.62996835	1471.7982
2285.62929949	1471.6978
2286.62860159	1471.6031
2287.62781786	1471.5103
2288.62718729	1471.3848
2289.62634679	1471.3649
2290.62556306	1471.4433
2291.62493249	1471.4774
2292.62414877	1471.3797
2293.62340333	1471.2422
2294.62277276	1471.0186
2295.62198903	1470.6968
2296.62124359	1470.6518
2297.62057473	1470.7095
2298.61982929	1470.5184
2299.61904556	1470.2892
2300.618415	1470.2239
2301.61762202	1470.2329
2302.61695316	1470.233
2303.61620772	1470.2042
2304.615424	1469.9084
2305.61479343	1469.5171
2306.61404799	1469.3649
2307.61328407	1469.2035
2308.61253863	1469.0262
2309.6117549	1468.9994
2310.61112434	1468.9107
2311.6103789	1468.8543
2312.60959517	1468.7221
2313.6089646	1468.6656
2314.60813334	1468.6218
2315.6073879	1468.5718
2316.60675733	1468.4617
2317.60597361	1468.345
2318.60534304	1468.3293
2319.60455931	1468.4871
2320.60381387	1468.4559
2321.6031833	1468.349
2322.60239958	1468.1149
2323.60165414	1467.8669
2324.60089022	1467.8532
2325.60014478	1467.8028
2326.59936105	1467.6217
2327.59877801	1467.4094
2328.59803257	1467.3203
2329.59736371	1467.2873
2330.59652321	1467.1109
2331.59573948	1466.9655
2332.59510891	1466.8106
2333.59436347	1466.7391
2334.59369461	1466.6342
2335.59294917	1466.4735
2336.59216545	1466.3039
2337.59153488	1466.239
2338.59078944	1466.1359
2339.59000571	1466.0247
2340.58937514	1465.8575
2341.58859142	1465.7463
2342.58779844	1465.5548
2343.58716788	1465.3818
2344.58638415	1465.2936
2345.58563871	1465.3483
2346.58496985	1465.3008
2347.58422441	1465.1196
2348.58334562	1464.8824
2349.58271505	1464.6005
2350.58196961	1464.4297
2351.58130075	1464.2554
2352.58055531	1464.096
2353.57977158	1463.9058
2354.57914101	1463.7872
2355.57839557	1463.6384
2356.57767918	1463.5312
2357.57693374	1463.3956
2358.57615001	1463.2761
2359.57551945	1463.1958
2360.57477401	1463.1168
2361.57399028	1462.9854
2362.57335971	1462.8424
2363.57257599	1462.6202
2364.57194542	1462.3242
2365.57110491	1461.9933
2366.57032119	1461.7763
2367.56969062	1461.7808
2368.56890689	1461.748
2369.56820899	1461.6484
2370.56757842	1461.4471
2371.56669963	1461.2125
2372.56595419	1461.0232
2373.56528532	1460.7168
2374.56453988	1460.4636
2375.56375616	1460.2539
2376.56312559	1460.2099
2377.56238015	1460.1256
2378.56171129	1459.9932
2379.56096585	1459.8005
2380.56018212	1459.6265
2381.55955155	1459.4699
2382.55880611	1459.3496
2383.55808972	1459.2299
2384.55734428	1459.0765
2385.55656056	1458.9536
2386.55592999	1458.9503
2387.55518455	1458.6633
2388.55440082	1458.4414
2389.5536752	1458.2836
2390.55289148	1457.9995
2391.55214604	1457.7652
2392.55151547	1457.6563
2393.55073174	1457.6052
2394.5499863	1457.5528
2395.54931744	1457.5272
2396.548572	1457.3977
2397.5478939	1457.1646
2398.54711018	1456.916
2399.54636474	1456.6658
2400.54569588	1456.4377
2401.54495044	1456.2756
2402.54416671	1456.1819
2403.54353614	1456.0902
2404.5427907	1455.8987
2405.54212184	1455.8132
2406.54128134	1455.6984
2407.54049761	1455.5832
2408.53986704	1455.3534
2409.5391216	1455.2247
2410.53850027	1455.0914
2411.53775483	1454.9015
2412.53687604	1454.6445
2413.53624547	1454.438
2414.53550003	1454.2807
2415.5347163	1454.1954
2416.53408574	1454.1061
2417.53330201	1453.9541
2418.53255657	1453.759
2419.531926	1453.5627
2420.53114227	1453.3651
2421.53039683	1453.1955
2422.52972797	1453.0605
2423.52898253	1452.8666
2424.52815127	1452.6527
2425.5275207	1452.5486
2426.52677526	1452.4266
2427.52599154	1452.241
2428.52536097	1452.1098
2429.52457724	1451.8949
2430.52385162	1451.6767
2431.52310618	1451.5798
2432.52232246	1451.6205
2433.52169189	1451.5855
2434.52090816	1451.4508
2435.52027759	1451.2129
2436.51953215	1451.1279
2437.51874843	1451.151
2438.51811786	1451.1398
2439.5172866	1451.0528
2440.51654116	1450.9429
2441.51591059	1450.8471
2442.51512686	1450.7144
2443.5144963	1450.6103
2444.51371257	1450.5515
2445.51296713	1450.48
2446.51233656	1450.3845
2447.51145777	1450.3044
2448.51071233	1450.375
2449.51004347	1450.4831
2450.50929803	1450.4595
2451.50856184	1450.3054
2452.50793127	1450.1477
2453.50709076	1449.9142
2454.50630704	1449.8158
2455.50567647	1449.839
2456.50489274	1449.7334
2457.50426218	1449.6224
2458.50351674	1449.5406
2459.50273301	1449.4954
2460.50210244	1449.4944
2461.50131871	1449.5618
2462.50068815	1449.3039
2463.49994271	1449.0483
2464.49915898	1448.7883
2465.49848088	1448.4933
2466.49769716	1448.2888
2467.49695172	1447.962
2468.49632115	1447.6548
2469.49553742	1447.3925
2470.49479198	1447.2737
2471.49406636	1447.0677
2472.49328264	1446.9664
2473.49249891	1446.7821
2474.49186834	1446.6687
2475.4911229	1446.4871
2476.49049233	1446.0986
2477.48970861	1445.5346
2478.48896317	1445.3115
2479.48829431	1445.2265
2480.48750133	1445.1732
2481.48671761	1444.9797
2482.48608704	1444.681
2483.4853416	1444.4299
2484.48467274	1444.2251
2485.4839273	1444.0674
2486.48314357	1443.945
2487.482513	1443.7976
2488.4816725	1443.633
2489.48100364	1443.4397
2490.4802582	1443.2297
2491.47947447	1443.0651
2492.4788439	1442.9583
2493.478146	1442.9332
2494.4772672	1442.7612
2495.47663664	1442.4408
2496.47585291	1442.1738
2497.47510747	1441.8843
2498.4744769	1441.6741
2499.47369318	1441.4367
2500.47294774	1441.3194
2501.47227887	1441.1837
2502.47153343	1441.1073
2503.47074971	1440.9971
2504.47011914	1441.0974
2505.4693737	1440.9524
2506.46865731	1440.7783
2507.46791187	1440.5809
2508.46712814	1440.325
2509.46649757	1440.021
2510.46575213	1439.7533
2511.46508327	1439.5427
2512.46424277	1439.4557
2513.46345904	1439.3573
2514.46282848	1439.2309
2515.46208304	1438.9877
2516.46129931	1438.6607
2517.46066874	1438.5102
2518.45988501	1438.4688
2519.45913957	1438.3602
2520.45850901	1438.277
2521.45767775	1437.9232
2522.45704718	1437.7289
2523.45626345	1437.4373
2524.45551801	1437.2689
2525.45488744	1437.1193
2526.45410372	1436.9767
2527.45335828	1436.788
2528.45268941	1436.6489
2529.45184891	1436.4407
2530.45106519	1436.2253
2531.45043462	1436.2717
2532.45016308	1436.3366
2533.44988493	1436.2184
2534.44971271	1436.0796
2535.44939483	1435.6374
2536.44908357	1435.2736
2537.44890472	1435.1692
2538.44859346	1435.1458
2539.44831531	1434.9496
2540.44796434	1434.6953
2541.44768619	1434.4068
2542.44751396	1434.1123
2543.44719609	1433.9763
2544.44688483	1433.956
2545.44660668	1433.862
2546.44647417	1433.8449
2547.44611657	1433.7256
2548.44584504	1433.575
2549.44548744	1433.3037
2550.44535493	1433.0492
2551.44504367	1432.8768
2552.44476552	1432.5943
2553.44455359	1432.3745
2554.44427544	1432.2115
2555.44396418	1432.229
2556.44378533	1432.3131
2557.44347407	1432.1163
2558.44319592	1431.927
2559.44292438	1431.9225
2560.44256678	1431.8929
2561.44243428	1431.8586
2562.44207668	1431.7895
2563.44176542	1431.6878
2564.44144754	1431.5028
2565.44135475	1431.3343
2566.4410435	1431.1415
2567.44072562	1430.9803
2568.44036802	1430.8917
2569.44023552	1430.9734
2570.43992426	1431.2489
2571.43964611	1431.3498
2572.43937457	1431.0059
2573.439156	1430.8084
2574.43884474	1430.7117
2575.43852687	1430.6234
2576.43835464	1430.541
2577.43807649	1430.3328
2578.43780496	1430.1994
2579.43744736	1429.9179
2580.43731485	1429.4555
2581.43695725	1429.1219
2582.43672544	1428.7743
2583.43632812	1428.5337
2584.43623533	1428.3567
2585.43592407	1428.1589
2586.4356062	1427.9808
2587.4352486	1427.8149
2588.43515581	1427.714
2589.43480483	1427.6733
2590.43452668	1427.5634
2591.43425515	1427.5279
2592.43403658	1427.5455
2593.43372532	1427.4122
2594.43340744	1427.2135
2595.43331465	1427.139
2596.43291733	1427.1502
2597.43268552	1427.0783
2598.43232792	1426.897
2599.43219541	1426.8007
2600.43188416	1426.6926
2601.43160601	1426.5083
2602.43120869	1426.3003
2603.4311159	1426.1579
2604.43084436	1425.9998
2605.43048676	1425.8365
2606.43017551	1425.8065
2607.42999665	1425.6824
2608.42976484	1425.4421
2609.42940724	1425.5073
2610.42913571	1425.403
2611.42891714	1425.2916
2612.4286456	1425.166
2613.428288	1425.2578
2614.42805619	1425.1788
2615.4277979	1425.1165
2616.42756609	1425.0057
2617.42720849	1425.0573
2618.42707598	1425.0585
2619.42676473	1424.9161
2620.42648658	1424.765
2621.4261687	1424.7591
2622.42599648	1424.7122
2623.42572494	1424.5794
2624.42536734	1424.3895
2625.42505609	1424.2026
2626.42487723	1423.8173
2627.42464542	1423.539
2628.42428782	1423.4719
2629.42401629	1423.4477
2630.42379772	1423.3896
2631.42352618	1423.3307
2632.42316858	1423.2073
2633.42293677	1423.0305
2634.42280426	1422.7261
2635.42244666	1422.6315
2636.42208906	1422.5491
2637.42195655	1422.4484
2638.4216453	1422.3774
2639.42136715	1422.4157
2640.42109561	1422.3083
2641.42087704	1422.2051
2642.42060551	1422.0213
2643.42024791	1421.6884
2644.41997637	1421.4872
2645.4197578	1421.6139
2646.41952599	1421.534
2647.41916839	1421.4795
2648.41889685	1421.2746
2649.41853925	1421.1237
2650.41844646	1421.0454
2651.41804915	1420.994
2652.41781733	1421.0109
2653.41749946	1420.9275
2654.41732723	1420.6819
2655.41700936	1420.4403
2656.4166981	1420.469
2657.41660531	1420.4122
2658.41620799	1420.2276
2659.41597618	1419.8909
2660.41575761	1419.6047
2661.41548607	1419.3595
2662.41512847	1419.142
2663.41489666	1419.1578
2664.41463838	1419.1214
2665.41440656	1419.0609
2666.41408869	1418.8759
2667.41377743	1418.7547
2668.41341983	1418.6093
2669.41328732	1418.506
2670.41300917	1418.4619
2671.41269792	1418.3199
2672.41238004	1418.0684
2673.41220782	1417.9679
2674.41193628	1417.9066
2675.41157868	1417.8196
2676.41148589	1417.7733
2677.41108857	1417.7076
2678.41085676	1417.478
2679.41063819	1417.1816
2680.41036665	1416.893
2681.41000905	1416.8102
2682.40977724	1416.7659
2683.40959839	1416.5818
2684.40928713	1416.4485
2685.40896926	1416.2849
2686.408658	1416.1768
2687.40834012	1416.0096
2688.4081679	1415.8456
2689.40788975	1415.7568
2690.40753877	1415.6379
2691.40726062	1415.4343
2692.4070884	1415.3189
2693.40681686	1415.556
2694.40645926	1415.459
2695.40618111	1415.2863
2696.40604861	1415.0575
2697.40573735	1415.0461
2698.40541947	1415.0378
2699.40524725	1415.0409
2700.40488965	1414.9583
2701.40461812	1414.777
2702.40433996	1414.6151
2703.40416774	1414.3511
2704.40384987	1414.127
2705.40353861	1413.8672
2706.40322073	1413.7318
2707.40304851	1413.8779
2708.4028167	1413.9008
2709.40249882	1413.8153
2710.40214122	1413.6712
2711.401969	1413.463
2712.40169746	1413.2206
2713.40133986	1413.0564
2714.40110805	1412.9429
2715.4009292	1412.7099
2716.40061794	1412.4584
2717.40030007	1412.2325
2718.40012784	1412.2158
2719.39984969	1412.1646
2720.39949872	1412.1049
2721.39922057	1412.0306
2722.39904834	1411.9752
2723.39873047	1411.9026
2724.39841921	1411.8325
2725.39814106	1411.7692
2726.39792912	1411.6876
2727.39769731	1411.549
2728.39737943	1411.4488
2729.39702183	1411.3798
2730.39688933	1411.3421
2731.39657807	1411.3168
2732.39629992	1411.2432
2733.39594894	1410.9718
2734.39580981	1410.7119
2735.39549855	1410.6904
2736.39518068	1410.6353
2737.39486942	1410.5828
2738.39473029	1410.3557
2739.39437931	1410.1903
2740.39410116	1410.3487
2741.39396865	1410.5326
2742.39365739	1410.6361
2743.3932998	1410.6155
2744.39298192	1410.5514
2745.39288913	1410.5026
2746.39257787	1410.3252
2747.39226	1410.0971
2748.39194874	1410.0047
2749.39176989	1409.877
2750.39145863	1409.5161
2751.39118048	1409.6256
2752.3908295	1409.7194
2753.39069037	1409.7499
2754.39037911	1409.7283
2755.39006124	1409.6662
2756.38974998	1409.5531
2757.38961085	1409.2614
2758.38933931	1408.9882
2759.38898171	1408.8102
2760.38884921	1408.829
2761.38853795	1408.8807
2762.38818035	1408.8595
2763.38786247	1408.7915
2764.38776968	1408.6564
2765.38745843	1408.5522
2766.38714055	1408.5959
2767.38682929	1408.7356
2768.38665044	1408.8224
2769.38633918	1408.94
2770.38606103	1408.977
2771.3857895	1408.9076
2772.38557093	1408.8476
2773.38525967	1408.894
2774.3849418	1408.695
2775.38463054	1408.4651
2776.38453775	1408.4357
2777.38421987	1408.3501
2778.38386227	1408.2511
2779.38359074	1408.2069
2780.38341851	1407.985
2781.38310064	1407.8627
2782.38278938	1407.7692
2783.38265025	1407.4865
2784.38233899	1407.2924
2785.38202112	1407.1998
2786.38170986	1406.865
2787.38153101	1406.6525
2788.38121975	1406.8735
2789.3809416	1406.6784
2790.38067006	1406.4145
2791.38045149	1406.2176
2792.38017996	1405.8829
2793.37982236	1405.5302
2794.37959055	1405.2244
2795.37919323	1404.7521
2796.37910044	1404.4347
2797.37874284	1404.1882
2798.3784713	1403.8334
2799.37829908	1403.3376
2800.37802093	1402.9251
2801.37766995	1402.741
2802.37753082	1402.6869
2803.37725928	1402.4162
2804.37690168	1401.8483
2805.37659043	1401.1496
2806.37641157	1400.5617
2807.37617976	1400.1135
2808.37582216	1399.5291
2809.37555063	1398.752
2810.37519303	1398.0377
2811.37506052	1397.6302
2812.37470292	1397.4112
2813.37447111	1397.2265
2814.37407379	1397.2623
2815.373981	1397.267
2816.37366974	1397.2218
2817.37335187	1397.1926
2818.37299427	1397.229
2819.37290148	1397.2742
2820.37262994	1397.4003
2821.37227234	1397.5881
2822.37213983	1397.9673
2823.37178224	1398.2365
2824.3715107	1398.2172
2825.37129213	1398.2887
2826.37106032	1398.4064
2827.370663	1398.5787
2828.37043118	1398.9133
2829.37007359	1398.7997
2830.36994108	1398.6681
2831.36958348	1398.6791
2832.36935167	1398.8849
2833.36903379	1399.0079
2834.36886157	1399.0384
2835.36859003	1398.9914
2836.36823243	1398.9711
2837.36785898	1399.0175
2838.36741119	1399.0417
2839.36700729	1399.0865
2840.36663383	1399.0244
2841.36624515	1399.1186
2842.36578214	1398.9216
2843.36539346	1398.6733
2844.36502	1398.5668
2845.36457222	1398.4542
2846.36416831	1398.3136
2847.36379486	1398.2562
2848.36340618	1398.24
2849.36294317	1398.2129
2850.36255449	1398.2786
2851.36194461	1398.1811
2852.36173325	1397.9956
2853.36115203	1397.8707
2854.36077857	1397.7808
2855.36033078	1397.6857
2856.35992688	1397.6468
2857.3595382	1397.6679
2858.35910564	1397.6506
2859.35871696	1397.576
2860.35831306	1397.5418
2861.3579396	1397.4996
2862.35749181	1397.4554
2863.35711836	1397.4538
2864.35672968	1397.5178
2865.35626667	1397.5899
2866.35589321	1397.6173
2867.35550453	1397.594
2868.3548642	1397.613
2869.35465284	1397.6653
2870.35427938	1397.7576
2871.35365428	1397.7482
2872.3534277	1397.4698
2873.35287693	1397.1551
2874.35248825	1396.9377
2875.35202524	1396.8278
2876.35163656	1396.8898
2877.3512631	1396.9044
2878.35081531	1396.7296
2879.35041141	1396.4765
2880.35003796	1396.3994
2881.34964927	1396.403
2882.34918626	1396.3786
2883.34879758	1396.3011
2884.34842413	1396.3436
2885.34797634	1396.3665
2886.34757244	1396.3062
2887.34719898	1396.393
2888.34657388	1396.5019
2889.3463473	1396.5289
2890.3457813	1396.5742
2891.34534874	1396.633
2892.3451526	1396.6617
2893.3445866	1396.6507
2894.34412359	1396.7275
2895.34373491	1396.7879
2896.34336146	1396.7263
2897.34297277	1396.6522
2898.34250976	1396.7208
2899.34213631	1396.8077
2900.34174763	1396.7941
2901.34128462	1396.6341
2902.34089594	1396.2773
2903.34052248	1396.0068
2904.3401338	1396.0814
2905.33967079	1396.341
2906.33929733	1396.5304
2907.33890865	1396.5802
2908.33844564	1396.3854
2909.33805696	1396.2229
2910.33750619	1396.2027
2911.33705841	1396.0035
2912.3366545	1395.8347
2913.33628105	1395.7043
2914.33583326	1395.4958
2915.33542936	1395.48
2916.33504068	1395.6778
2917.33466722	1395.8063
2918.33420421	1395.7633
2919.33381553	1395.4887
2920.33344207	1395.1633
2921.33300951	1394.9767
2922.33262083	1394.9133
2923.33221693	1395.0024
2924.33182825	1395.0423
2925.33139569	1394.7974
2926.33100701	1394.5377
2927.3306031	1394.3238
2928.33017054	1394.2058
2929.32978186	1394.2709
2930.32920064	1394.4083
2931.32875285	1394.3741
2932.3283794	1394.3418
2933.32799071	1394.3748
2934.3275277	1394.2792
2935.32715425	1394.187
2936.32676557	1394.062
2937.32636167	1394.0406
2938.32591388	1394.0652
2939.32554042	1394.0878
2940.32515174	1393.8815
2941.32468873	1393.5625
2942.32431528	1393.3993
2943.32392659	1393.0874
2944.32352269	1393.0916
2945.3230749	1393.3275
2946.32270145	1393.5844
2947.32207635	1393.7564
2948.32184976	1393.7137
2949.32147631	1393.6171
2950.32091031	1393.5054
2951.32047775	1393.2856
2952.32008907	1392.9773
2953.31968517	1392.7651
2954.31925261	1392.6197
2955.31886392	1392.5325
2956.31846002	1392.445
2957.31807134	1392.3455
2958.31763878	1392.153
2959.3172501	1391.852
2960.3168462	1391.6284
2961.31641363	1391.5552
2962.31602495	1391.4977
2963.31562105	1391.6009
2964.31517326	1391.7466
2965.31479981	1391.7822
2966.31441113	1391.6673
2967.3137708	1391.5881
2968.31357466	1391.4668
2969.31300866	1391.2634
2970.31254565	1391.1916
2971.31215697	1391.0682
2972.31178351	1390.8381
2973.31139483	1390.6376
2974.31093182	1390.5137
2975.31055837	1390.7612
2976.31016969	1391.1017
2977.30970668	1391.2577
2978.309318	1391.3214
2979.30894454	1391.3983
2980.30857108	1391.421
2981.3081233	1391.3746
2982.30771939	1391.2719
2983.30733071	1391.1552
2984.30689815	1391.0249
2985.30649425	1390.8642
2986.30610557	1390.708
2987.30549569	1390.5507
2988.30528433	1390.4721
2989.30470311	1390.387
2990.30425532	1390.1276
2991.30388187	1389.8237
2992.30347796	1389.8332
2993.30308928	1389.8816
2994.30265672	1389.6788
2995.30226804	1389.4436
2996.30186414	1389.3809
2997.30141635	1389.2812
2998.3010429	1389.1009
2999.30063899	1389.0697
3000.30025031	1388.9671
3001.29981775	1389.1087
3002.29942907	1388.8807
3003.29902517	1388.4332
3004.29857738	1388.1618
3005.29820392	1388.0457
3006.29780002	1387.8886
3007.29717492	1387.756
3008.29697878	1387.7138
3009.29642801	1387.8082
3010.29598022	1387.8283
3011.29557632	1387.7646
3012.29518764	1387.8421
3013.29481418	1388.0679
3014.29436639	1388.1872
3015.29396249	1388.1538
3016.29358904	1388.1455
3017.29314125	1388.3447
3018.29273735	1388.6676
3019.29234867	1388.9171
3020.29197521	1389.0923
3021.29152742	1389.1103
3022.29112352	1389.0009
3023.29075006	1388.9023
3024.29030228	1388.7925
3025.28989837	1388.8104
3026.28933238	1388.6628
3027.28889981	1388.6191
3028.28851113	1388.4217
3029.28810723	1388.3508
3030.28767467	1388.2696
3031.28728599	1388.2286
3032.28688209	1388.1872
3033.2864934	1388.1209
3034.28606084	1387.9548
3035.28567216	1387.8476
3036.28526826	1387.8246
3037.2848357	1387.5155
3038.28444702	1387.2687
3039.28407356	1387.0187
3040.28362578	1386.7581
3041.28322187	1386.5341
3042.28284842	1386.3896
3043.28245974	1386.1994
3044.28199673	1386.019
3045.28160805	1385.9371
3046.28099817	1385.9026
3047.28060949	1385.8491
3048.28020559	1385.9206
3049.27983213	1386.0502
3050.27938434	1386.0675
3051.27898044	1386.1006
3052.27859176	1386.0639
3053.2781592	1386.0739
3054.27777052	1386.0686
3055.27736662	1386.158
3056.27699316	1386.1758
3057.27654537	1386.1311
3058.27614147	1386.1395
3059.27575279	1386.1893
3060.27532023	1386.1028
3061.27493155	1385.99
3062.27452764	1386.0084
3063.27415419	1385.9012
3064.2737064	1385.8148
3065.2733025	1385.924
3066.27267739	1386.0536
3067.27248126	1386.0205
3068.27193049	1385.9414
3069.2715418	1385.7911
3070.27107879	1385.7394
3071.27069011	1385.6988
3072.27031666	1385.5733
3073.26985365	1385.362
3074.26946497	1385.3457
3075.26909151	1385.4498
3076.26870283	1385.5402
3077.26823982	1385.5173
3078.26786637	1385.457
3079.26747768	1385.4233
3080.26701467	1385.3792
3081.26662599	1385.3254
3082.26625254	1385.2767
3083.26562743	1385.2649
3084.26540085	1385.2091
3085.26485008	1385.1563
3086.2644023	1385.0421
3087.26417571	1384.7486
3088.26360972	1384.5877
3089.26323626	1384.3905
3090.26278847	1384.1769
3091.26238457	1384.0359
3092.26201112	1383.948
3093.26156333	1383.84
3094.26115943	1383.9431
3095.26077074	1384.0466
3096.26039729	1384.177
3097.25996473	1384.1294
3098.25957605	1384.1448
3099.25917214	1384.0201
3100.25872436	1383.878
